0 0 0 0 0 0 0 0 0 0
34 0 26.6 0 0 0 21.6 0 9.7 25
27 7 0.4 0 5 0.2 4.4 31 19.3 13
0 6 0 1.9 5 0 6.6 34 6 13
0 6 0 0 8 0 0 0 20 12
0 0 0.2 0 0 0 0 0 0 0
0 3 0 27.6 33 4.6 0 0 31.1 36
23 0 32.9 46.7 0 2.6 0 0 0 0
0 0 0 0 0 0 0 13 153.4 2
2 0 0 0 0 0 0 0 0.9 0
31 6 5.2 0 40 1.2 3.2 0 0 16
6 0 4.3 0 39 0 29 17 9.5 8
0 6 0.3 0 0 0.4 1.6 10 6.5 0
0 7 0 0 30 0 8.2 0 5 14
2 7 0.2 19.7 0 0 13.4 0 0 14
0 7 6.7 2.6 15 22 3 6 1.5 4
4 0 15.2 0.6 0 0 9.6 0 0 26
9 0 0 0 9 6.2 4.2 0 24.7 7
0 0 18.9 0 10 0 0 0 27.1 24
0 0 0 0 0 0 0 0 0 4
0 0 0 0 15 0 0 5 0.4 0
3 3 0 10.5 0 0 0 0 0.3 4
5 8 22.2 3.3 3 0 2.4 9 0 0
0 0 5.2 0 0 0 0 20 23.1 35
13 0 0 0 5 0 0 0 0 0
0 8 2.8 1.9 0 3.6 0 0 5.9 0
5 8 40 0 0 3.9 0.6 0 8.6 6
0 7 0 0 0 0 2.2 0 21.4 24
30 8 38.9 57.2 8 0 0 17 13.1 56
24 4 7.8 0 19 49 15.2 40 4.6 8
0 11 45.1 5.2 29 10.2 12.6 22 3.5 7
0 41 0.9 13.8 7 0 7 0 0 4
4 16 0 0 25 0 38.6 0 0 19
61 5 45.8 39.8 4 52.7 0.6 60 15.3 27
0 29 99 0 1 13.2 18 2 72.5 20
0 9 28.1 15.1 2 0 15 8 4.2 10
0 12 14.2 0 10 7.6 3.2 69 6.9 75
20 0 14.9 1.9 15 0 0 0 0 5
23 0 0 0 48 10.6 0 0 0.5 4
1 0 0 0 0 2 1.8 0 5.5 58
0 43 10.1 1.9 38 0 9.6 0 11.5 36
0 23 0 5.2 40 3.4 0 0 19.4 13
6 0 0 0 6.5 6.1 0 6 4.3 0
0 10 0.9 0 0 0 0 21 0 0
0 0 21.4 2 1 0 0 0 7.6 3
0 0 3.3 0 0 20.4 14 4 3.7 16
0 0 0 0 0 6.2 0 0 0 0
4 0 0 8.1 0 0 2.4 0 1.3 20
0 0 0 0 2 0 0.2 47 26.8 14
6 0 5.7 5.3 0 0 0 0 44.5 0
0 0 17 0 29 0 30.6 10 11.4 6
33 0 1.9 36.9 20 0 20.8 12 10.7 35
2 0 12.9 0 5 0 0 5 45.3 20
0 6 2 0 2 0 0 8 11.9 20
0 0 8.1 0 0 0 0 10 15.7 0
11 0 8 0 15 2 0 0 0 20
0 0 0 0 0 0 0 0 0 0
0 0 15.1 0 0 8.4 0 0 0 0
0 0 0 0 0 0 0 0 2.7 0
0 0 0 0 21 0 0 0 0 0
0 6 8.9 0 0 0 22.2 0 0 0
0 0 0.3 5.2 13 0 9.2 0 0 0
17 0 0 13.8 19 0 2.2 0 0 25
0 0 17.2 0 13 9.6 0 37 19 28
0 9 1.2 2.6 6 0 22.8 2 0 0
0 6 0.3 0 0 0 0 0 0 0
0 0 0 0 5 0 0 0 0 9
0 0 0 0 9 31 0 0 0 0
0 0 0 10.5 37 0 0.4 0 0 40
11 6 41 0 0 0 1 0 0 0
0 8 0 32.9 3.5 0 15 0 0 8
0 6 0 0 0 0 16 0 0 0
0 0 0 1.6 8.5 0 0.4 10 0 0
28 6 0 0 0 1.1 0 0 2.5 0
0 0 0.2 0 9 0 0 4 9.7 12
0 6 2.7 0 0 0 0 0 0 24
0 0 0.3 0 14 1.2 0 0 0 0
0 0 0 7.9 4 0 8 0 0 0
6 0 7.2 0 0 1.8 0 0 0 0
16 21 0 28.9 7 0 33 0 11 0
6 0 1.9 3.3 6 0 19.4 0 12.9 0
10 8 1.3 17.8 2 0 26.4 5 0 2
4 10 59.2 17.1 9.5 0 0 44 27.1 49
30 6 0 18.8 1 0 0 10 1.8 10
41 2 0 16.5 6 0 0 24 7 2
0 0 14 0 0 0 0 18 25.9 6
0 0 0.1 4 0 0 0 0 22.2 0
0 13 10.7 10.2 5.5 0 0 10 0 6
12 0 0 0 9 0 0 0 3.6 15
0 0 0.5 3.3 11 2.5 0 0 0 15
4 6 0 6.3 12 4 0 10 10 6
0 0 0 0 22 1 0 12 12.3 2
0 0 4.2 0 0 17 15 5 0 6
0 1 0 0 0 2 0 0 0 5
0 8 0 19.8 0 0 3.2 0 0 22
0 0 13.2 0 5 0 0 0 0 1
0 0 0 0 0 0 4.8 5 0 8
0 4 0.2 6.3 29 0 0.8 40 0 10
6 9 28.2 0 2 1 0 15 35.2 10
0 0 3.6 0 2 0 2.2 0 3 5
0 24 7.2 0 1 0 25 0 0 15
0 4 0 3.9 7 0 0 0 11.3 0
0 0 0 0 19 0 0 0 0 0
0 0 0 0 3 0 0 0 0 0
0 0 4.7 0 0 0 0 0 0 0
0 0 1 0 0 0 0 0 0 0
0 2 0 0 0 0 0 0 0 0
0 4 38 0 0 0 0 0 0 3
0 2 0 0 0 11 0 5 0 0
0 8 21 0 0 0 8.8 34 0 0
0 9 0 0 30 0 0 2 0 56
29 0 30.5 0 20 0 0 0 16.5 6
0 0 1.1 9.6 0 0 0 5 0 4
9 0 0 10.9 0 10 8.2 5 0 39
27 0 0 3.9 0 1 0 0 30 2
20 0 6.9 0 22 0 5.6 0 20.2 0
0 0 0 0 0 0 0 0 6.1 0
0 6 10.6 0 6 5 1.6 0 0 12
0 0 0.2 0 0 0 0 20 0 0
0 0 0 0 0 0 0.8 25 0 12
14 0 56.2 0 13 0 0.5 4 0 2
0 9 32.3 0 16 0 8 0 53 63
0 9 12.2 0 19 0 0 0 0 9
0 0 0 0 7 0 0 0 0 3
0 0 1.9 0 6 0 0 0 17 9
31 0 0 0 4 0 0 15 3 21
21 0 25 0 3 18.6 0 0 8.2 28
0 10 1.6 10.2 6 12 0 0 15 11
5 0 18.3 0 6 3 2.6 0 30 5
0 0 31.2 0 18 64 6.2 25 0 4
0 13 2.4 0 9 0 9.8 37 7 3
49 7 0.2 23.9 5 6 14 5 0 1
0 10 0.4 18.9 0 0 0 0 0 0
0 1 0 0 0 0 0 0 0 0
2 0 16.5 2.3 9 10.6 0 38 0 9
0 10 12.5 3.6 6 0 22.8 0 0 5
2 0 0 0 7 0 2.4 0 0 18
3 22 32.6 0 10 0 8 20 0 3
1 0 7.1 13.1 14 5 2.2 0 23.4 13
3 11 19.9 7.6 6 0 0 0 0 0
14 0 0.4 0 0 0 0 0 0 0
0 0 0 0 0 0 0 0 0 0
0 0 0 0 15 0 6.6 0 0 0
0 13 0 0 6 0 0 29 0 39
0 0 0 0 0 0 9.6 0 0 0
0 0 0.5 11.3 10 0 0 32 11 22
7 4 0 11.9 12 10 0 31 3.1 42
0 19 0 64.6 8 0 60 9 3 45
0 28 0 0 11 0 0 0 115 0
0 28 47 0 30 0 10 7 0 1
38 5 0.5 0 0 0 10 0 2 3
0 0 3.9 0 0 0 8 0 0 0
0 0 17.4 25.9 45 29 0 0 2.5 1
6 0 21.5 0 0 0 1.6 4 10 0
0 18 16 5.3 34 0 20.8 0 11 32
0 0 9.6 0 0 0 0 0 17.3 36
0 0 7.6 0 50 0 4.4 27 0 0
32 17 0 0 8 0 2 35 4 0
0 0 0 0 0 0 0 10 2 13
25 17 0 8.8 0 0 12.6 10 12 8
1 14 39.6 7.1 0 46 0 0 3 10
5 4 24 9.3 5 11 0.8 0 17 13
0 0 0 0 7 0 0 0 5.5 0
0 0 0 0 0 8 3 0 0 0
0 18 0 0 5 0 0 0 0 0
0 8 0 0 0 0 0 0 5 0
50 0 0 2.4 0 0 0 0 0 7
0 8 6.4 0 0 0 0 2 0 23
0 11 0 0 0 0 0 0 0 2
0 0 0 13.1 0 0 0 0 15 21
0 0 0 0 0 0 0 0 0 0
0 0 0 2 12 0 4.6 0 0 0
0 0 0 0 0 0 0 17 0 0
0 0 7.8 2.5 30 0 0 0 1.1 21
0 19 9 64 0 0 4 0 0 9
0 29 0 21.6 25 36 4.6 50 5.5 24
28 6 0.4 0 0 20 0 19 1 86
0 0 1.8 5.4 28 0 0 21 34 5
0 22 0 14.6 12 0 51 23 7.5 13
12 0 0 5.8 0 0 0 0 4.5 0
0 0 0 0 0 0 0 0 0 0
0 0 19.4 0 0 0 0 0 0 0
0 0 4.7 0 0 0 0 0 0 0
0 0 3.3 0 0 0 0 0 0 0
0 0 0 0 0 4.4 0 3.8 0 0
0 0 0 0 0 0 0 5.9 0 0
0 0 11 3.2 0 2.8 0 0 0 0
0 0 11.3 0 0 0.7 0 0.2 0 0
0 0 4 0 0 0 0 2.5 5 0
0 0 0 0 0 0 0 0 0 0
0 0 0 0 0 0 0 0 0 0
0 7 0 0 0 0 0 0 0 0
0 0 4.9 0 0 0 0 4 0 0
0 5 0 11 0 0 0 0.1 0 0
18 0 0 0 0 0 1.4 0 0 0
0 0 0 0 0 0 2.6 1 7 27
0 0 0 0 0 0 0 0 0 0
0 1 0 0 0 0 0 0 13 0
0 0 0 0 0 0 0 0 0 0
0 0 10.8 0 0 7.8 0 0 0 2
4 0 0 7 50 0 0 6.6 15.8 29
0 0 3.4 0 0 0.1 0 5 4 55
0 0 30.4 0 19 0 0 0.2 0 36
8 23 5.6 0 0 6.5 1.8 32.8 16 13
15 0 24 0 0 5.2 23.2 63.3 22 0
8 0 23.5 0 0 7 12.2 20.4 4 0
0 0 0 0 10 2 0 5.7 3 0
26 21 0 15.2 0 0 18.4 8.7 31.3 3
0 0 0 0 30 0 3.6 0 1 13
0 0 0 0 0 0 0 5 3.2 0
15 0 0 0 0 10.1 0 0 0 0
0 0 0 0 0 0 0 0 53.5 0
0 0 3.9 0 0 0 0 0 1 4
20 0 33.8 0 0 11.7 0 25 0 0
0 0 0 0 0 0 0 0 0 0
0 0 3.6 0 9 0.1 0 0 0 0
0 0 0 0 0 1.1 0 0 0.2 26
0 0 64.8 0 0 24 0 3 0 0
82 0 2.6 0 0 6.8 0 10 0 0
0 4 33.9 0 0 6.3 0 0 0 6
0 0 67.2 0 0 16.3 0 0 8 3
0 5 21.5 0 0 0 0 31 4.2 8
0 0 4.4 21.2 0 3.6 18.4 17 8.5 5
20 0 7.6 6.8 0 0 0 0 8 0
0 0 49.5 0 0 5.6 0 0 1.5 4
0 1 2.5 0 0 0.8 0 0 0 13
0 0 0 0 8 0 0 0 0 0
0 0 0 0 13 0 0 0 0 0
0 0 0.1 4.8 60 0 0 12 0 28
0 0 0 29.2 0 0.2 0 0 37 0
0 0 0 0 0 0 0 0 0 0
0 23 0 0 7 0 8.6 0 0.3 0
2 0 0 0 21 0 0 103 0 68
2 0 0 0 8 0 0 0 10.8 3
13 0 0 0 22 0 0 0 47.3 15
23 21 1.4 0 0 0 16.4 5 1.8 19
6 0 24.8 2.4 0 0 4.4 0 23.3 0
0 0 10 0 0 0 0 0 17.6 9
0 0 7.9 0 0 0 0 0 0 0
0 0 0 0 0 0 0 0 0 0
0 0 13 0 0 0 0 0 0 6
9 0 0 0 0 10.1 0 0 0 0
0 0 0 12.8 0 0 0 0 0.5 0
0 0 0 0 0 0 0 0 0.4 0
0 0 0 0 0 11.7 0 5 0 0
0 0 0 0 0 0 0 0 28.4 0
0 0 29.5 0 0 0.1 3.4 19 0 0
0 0 60.7 0 0 1.1 0 0 18 9
0 0 5.1 0 0 24 0 0 0 0
0 0 11.7 0 0 6.8 0 13 0 0
0 0 0 0 0 6.3 0 0 0 0
0 0 0 0 0 16.3 0 0 0 0
0 0 0 0 0 0 0 0 0 0
0 0 0 0 0 3.6 0 0 0 0
0 0 0 0 0 0 0 0 8 0
9 0 4 0 0 5.6 0 0 0 0
0 0 1 0 0 0.8 23.2 0 0.6 62
0 0 0 0 35 0 0 0 37.4 0
0 99 0 0 32 0 0 0 0 15
0 15 0 7.2 0 0 0 0 0 38
0 0 17.5 0 0 0.2 0 0 13 9
0 12 0 0 10 0 0 0 5.2 3
0 0 27.2 21 25 0 0 64 5.8 19
52 14 36.3 4.4 0 0 0 0 6.9 13
6 0 1 10.2 36 0 22 21 15.9 2
0 0 0 0 0 0 0 0 1 0
47 0 63.1 2.4 0 0 0 0 4 0
0 41 0 10 0 0.7 10 6 1 0
3 0 0 2.9 0 0.8 0 2 0 0
5 0 10.9 0 0 7.2 0 0 0 0
0 0 0 0 0 0 0 0 0 0
0 0 0 0 0 0 0 0 0 0
0 0 0 0 0 0 0 0 0 0
0 0 0 0 0 0 0 0 0 0
0 0 0 0 3 5.4 0 20 4 25
0 0 0 0 7.5 8.5 0 0 2.3 1
9 29 3.3 0 0 12.8 0 36 1.1 3
1 0 9.8 0 0 18.2 0 0 5.3 0
0 7 3.3 0 12.5 0 10.2 0 0 0
0 0 10.6 0 0 2.4 6 5 6.1 13
3 4 23.3 0 10 0 12.2 0 1.4 39
0 3 18.8 0 0 10.5 0 0 38.5 5
46 0 0 2.5 0 0 0 9 19.2 0
0 0 18.6 0 30 9.7 0 18 0 17
14 18 14.2 8.7 0 2.6 0 9 16.5 50
63 30 20 0 35 32.4 11.2 4 16.3 12
13 4 12.4 0 30 10.9 25.2 23 15.2 7
0 6 12.4 0 10 1.9 8 1 10.1 32
0 58 14.5 43.5 15 0 0 63 36 22
87 0 0 0 7.5 14.6 14.4 0 15.4 25
13 11 8.4 0 60 4.5 36 2 31 66
10 9 2.6 13 0 2.2 3.8 10 11.2 12
9 0 15 11.4 25 21.2 0 5 17.8 14
0 39 0 0 0 0 0 0 10.7 24
15 39 4.7 0 27.5 0.8 54.5 9 1.5 12
20 19 18 1.5 0 0 19.2 3 9.8 26
22 8 0 0 20 23.5 2.8 2 28.6 3
0 18 0 0 145 0 0 1 11.5 57
13 12 0 0 5 0.3 5.2 6 32 2
0 0 35 0 0 2.2 12 8 3.8 0
0 0 0 0 10 0 0 12 0 5
6 0 13 0 0 0.5 0 8 0.3 5
0 0 45.2 0 15 23.8 10 6 18.6 32
0 27 55 0.8 7.5 12.5 0 0 16.2 14
4 58 1.8 20 45 0.1 3.6 6 1.6 103
64 5 0 55 0 0.8 40 49 57 0
0 0 0 0 0 0 0 0 2.5 39
0 0 0 0 0 0 0 0 19 12
0 2 0 5.2 0 0 0 0 1.5 13
0 0 0 0 17.5 0 0 0 0 1
0 0 0 0 0 0 17.4 0 0 22
48 43 0 0 25 0 0 0 16.5 84
0 13 0 7.8 0 0.3 19 0 18 33
24 7 0 0 0 0 5.8 20 5.5 12
0 0 14.8 0 0 0 2.4 0 0 4
0 3 0 28 0 0 0 0 1.2 0
0 0 0 0 0 0 0 0 3.6 0
1 0 0 0 0 0 0 0 0 0
0 0 0.8 0 5.4 1 0 0 0 1
0 0 0 0 6 1.3 0 0 0 5
0 19 0 0 0 0 0 8 0 5
0 1 0 0 0 0 5.4 0 8.2 0
0 0 0 0 2.5 0 0 0 2 3
0 0 0 0 0 0 0 0 0 0
0 0 0 0 0 0 0 0 1.2 0
0 0 0 0 0 0 0 0 0 0
0 1 0 0 0 0 0 0 1.2 0
0 0 1.7 0 0 0 0 0 0 0
0 0 0 0 3 0 0 0 0 0
0 0 0 0 0 0 1 0 0.8 0
0 0 0 0 0 0 0 0 0 0
0 0 0 0 0 0 0 0 0 0
11 3 0 0 17.5 0.8 0 0 0 0
2 0 0 8.6 5 0 0 0 0 5
8 0 0 0 0 0 0 0 0 1
0 34 0 0 0 0 37.2 34 0 75
0 7 0 0 0 0.8 0 0 11.3 17
0 0 18.5 0 0 0 0 0 0 16
0 0 0 0 0 4 0 0 2.6 0
0 0 0 0 0 0 5.4 0 0 0
0 5.5 0 0 0 0 0 0 7.5 0
0 0 0 6.2 0 0 0 0 0 0
0 0 0 0 7.5 0 0 0 0 0
0 0 0 0 22.4 0 0 0 0 0
0 0 0 0 0 0 0 0 1.2 0
0 0 0 0 0 0 0 0 0 0
6 0 0 0 0 0 12.6 0 1 7
0 0 0 0 0 0 0 0 0 0
0 0 0 0 0 0 0 0 0 0
0 0 0 0 0 0 0 0 0 0
0 0 0 0 7.5 0 0 0 0 0
6 0 0 0 0 0 0 0 0 1
0 2 0 13 15 0 10.4 20 11.5 6
0 0 0 5.4 0 0 0 0 5 1
3 4 0 0 0 0 0 0 0 5
0 0 0 0 2.5 0 3.4 0 3.6 9
0 0 0 0 0 0 0 0 12.5 0
0 0 0 1.5 12.5 0 5.2 0 3 17
2 0 0 0 17.5 0 0 0 0 0
9 0 0 0 10 0 0 0 0 0
0 0 0 0 0 0 0 0 0 0
0 0 0 0 10 0 0 0 0 0
0 0 0 0 0 0 0 0 0 0
0 0 0 0 0 0 4.6 0 0 2
9.4 5.2 19.4 10.3 0 0 0 0 0.2 34
13.1 0 7.8 8.2 37.6 0 2.1 0 20 40
10 0 19.1 32 13.1 0 1.9 0 34.1 0
0 0 0 0 0 13.2 0 42.7 4 0
0 0 0 0 0 0 0 0 0 0
0 0 0 0 0 0 0 0 0 0
0 0 0 0 0 0 0 0 0 0
0 0 0 0 0 1.2 0 0 0 0
0 0 0 0 0 0 0 0 0 1
0 0 0 0 11.2 0 0 0 0.3 14
13 0 0.2 0 0 0 0 4.9 10.5 8
15 0 0 0 0 0 0 1.7 0 0
0 8 0 0 0 0 0 0.6 0 12
66 7 2.1 27.3 12.3 0 8.4 0 8 3
20 0 0 0 3.5 0 0 3.5 3 0
0 0 0 0 0 0 0 0 0 0
0 0 0 0 0 0 0 0 0 0
0 0 0 0 0 0 0 0 0 0
0 0 0 0 0 0 0 0 0 0
0 0 0.1 0 0 0 2.6 0 0 0
0 0 0 0 0 0 0 0 0 0
0 0 0 0 0 0 0 0 0 0
0 0 0 0 0 0 0 0 0 0
0 0 0 0 0 0 0 0 0 0
0 0 0 0 0 0 0 0 0 0
0 0 0 0 0 0 0 0 0 0
0 0 0 0 0 0 0 0 0 0
0 0 0 0 0 0 0 0 0 0
0 0 0 0 0 0 0 0 0 0
0 0 0.4 0 0 0 0 0 0 0
0 0 0 0 0.9 0 0 0 0 0
0 0 0 0 0 0 0 0 0 1
0 0 0 0 0 0 0 0 0 0
0 0 0 0 0 0 0 0 0 0
0 0 0 0 0 0 0 0 0 0
0 0 0 0 6.1 20.6 0 7.9 0 2.2
10 24 7.4 63.8 0 19.1 15.1 0.9 46 30
41 5 21.5 19.8 18.3 13.5 51.6 20.2 18.1 0
58 11 32.2 13.6 74 38.6 35.2 0 17 0
13 30 32 51.4 13.2 8.8 21.8 11.9 39.2 88
24 12 69.3 23.2 11.2 6.6 40.6 0.5 42.3 32
6 8 9 0.2 0 1.2 0.8 61.8 26.3 0
0 25 8.8 0 0 24.2 8.8 0 0 39
16 10 14.2 11.5 1.6 3 39.4 15.5 12.1 64
14 15 6.2 70.4 11 22.6 61 4 26.2 5
1 0 19.1 0 0 99 0 0 1.8 20
0 4 17.7 5.2 0 0 0 2.4 2.3 43
4.4 5 38.6 1 13.3 0 11 67.9 58.3 44
37 12 15.4 21.9 8.3 4.4 8.4 3.9 43 22
29 0 6.7 2.6 0 8.5 0 10.5 33.2 1
27 18 1.8 1.2 30 0 6 0.3 1.7 21.2
0 0 0 28 99.6 0.9 0 1.6 27.3 24
28 28 4.2 0.6 0 8.6 11.9 2.1 93 3
7 3.5 9.4 6 0 4.4 0 3.8 11.6 32
0 0 0 20.9 0 3.4 0 1.4 29.5 15
3.4 0 0 26.4 5.7 2.6 0 5.5 3.3 15
4 3.5 24.6 0 27 15.6 23 30.2 2.1 22.2
0 1 29.8 0.8 0 2.2 0 2.1 10 3
10.2 8 2.9 3.4 8.2 0.4 4.5 0.6 1 0
0 0 0 20.4 0 0 0 0 5 45
0 3 3.8 0 0 1.1 9.1 1.4 39.4 17
0 0 0 1 11 0 4.3 6 1.3 1
0 0 0 0 0 0 0 0 0 0
0 0 0 0 0 0 0 0 0 0
0 0 0 0 0 0 0 0 0 0
0 0 0 0 0 0 0 0 0 0
0 0 0 2.7 10 0 0 0 0 0
0 0 0 0 0 0 2.8 5 2 0
0 0 0 0 0 0 0 5.4 0 0
30 0 0.1 0 0 2.3 0 0 0 0
0 0 0 0 0 0 0 0 0 0
0 0 0 0 0 0 1.7 0 0 0
0 0 0 0 1.2 0 0 0 0 0
0 0 0 0 0 0 15.4 0 0 0
0 0 0 0 0 0 0 0 2.3 0
0 0 0 0 0 0 0 0 0 0
0 0 0 0 0 0.1 0 0 0 0
0 0 0 0 0 0 0 0 0 0
0 0 0 0 0 0 0 0 0 0
0 0 0 0 0 0 0 0 0 0
3 0 0 0 0 0 0 0 0 0
0 0 0 0 0 0 0 0 0 0
0 0 0 0 0 0 0.5 0 0 0
0 0 0 0 0 0 0 0 0 0
0 0 0 0 0 0 0 0 1.2 14
1 0 0 30 21.1 0 0 33.8 1.1 17
0 0 18.5 2.2 0 0 2.2 1.5 0 9
0 0 0 0 1.2 0 1.8 0 5.6 14
4 0 0 0 1.2 0 1.3 11.6 7.6 0
33 0 2.7 0 7.1 0 5 0 0 0
0 0 0 0 5 0 0 0 0 0
0 0 0 0 0 0 0 0 0 0
0 0 0 0 0 0 0 0 0 0
0 0 0 0 0 0 0 0 0 0
0 10 0 6 0 0 1.7 0 0 0
0 0 0 15 30.1 0 0 1 0.6 3
0 0 0 0 32.8 0 0 2.5 3 0
0 0 0 0 0 0 0 0 0 0
8 0 0 0 0 0 0 1.5 0 0
0 0 2.1 0 6 0 0 0 0 12
0 2 5.8 47 4.1 0 0 3.1 3.6 10
0 0 2.4 0 3.2 0 0 0 3.2 0
0 0 1.2 0 4 0.5 0 0 0 24
82 7 2.8 3 14 12 0 0 0 16
4 0 0.2 2.2 0 0.2 9.5 8.4 15 0
0 0 0 0 0 1.5 3.4 1.3 1.2 0
0 0 0 0 0 0 0 0 0 0
0 21 0 0 0 0 0 0 0 9
0 4.5 0 0 0 0.7 0 0 0 0
0 4 0 1.4 0 0 4 0 1.8 27.2
15 5 4.9 9.2 5 0 6.3 12 2 19
0 0 3.3 0 14 0 14 0 25 28.2
28 4 0.4 0 36 0.1 0 39 52.3 28
0 8 0.3 43 12.1 0 19.4 30 41.5 1
0 0 0 0 0.3 0.8 0 0 3.8 2
0 0 0 0 2 0 0.4 0 1 3
4 22 0.1 31.8 0 0 25.3 5 12.2 21
0 17 4.8 0 56 15.8 0 0 33 32
12 5 0 0 1 0 9.1 0 21.2 9
18 4 3.5 0 3 0 0 0 12.4 0
0 0 0 0 0 0 0 0 0 10
0 0 44.5 0.8 6 0 3 37.3 3.8 13
1 20 1.4 12 39 36.4 5.4 36.5 26.2 6
0 31 2.5 33.8 8 0 10.4 0 27 0
0 0 2.2 0 0 1 0 0 0 28
17 0 7.9 1.3 0 26.4 0 8 18 0
0 0 0 0 6 0 0 0 0 0
0 0 0 0 9 0.8 0 0 1.2 13
3 5 5.2 0.6 0 0 76.6 2 1 18
0 22 7.2 12 0 7.8 4.9 0 7.2 0
0 6.5 0.3 0 0 0 3.3 0 0 11
0 0 14.1 0.8 2.3 0 17.4 0 0 0
0 0 0 21 0 0 0 0 0 0
0 0 0 2 2 0 2 0 0 0
0 26 0 0 0 0 0 2 16 3
0 0 3.2 2 14.3 11.2 0 0 0 2
0 0 0 0 3.2 0 3.1 3 8.2 1
0 0 0 0 1.1 0 0 0 0 2
0 0 0 19.8 9.2 0 0 0 0 3
6 3 4 0 11.4 0 3.4 9.2 17 13
0 13 0 0 6.4 0.6 8.6 0 20.8 18
0 6 0 0 9 0 0 3 15.5 19
10 3 0.8 4.2 14.3 1.4 18.3 0 18 0
0 0 15.2 0 6.4 37.4 1 0 21 0
0 0 0 0 19.4 0 0 0 1 4
0 0 0 21 0 4.2 0 4.8 0 41
0 3 8.1 14.8 2.1 3.5 0 1.8 47 18
0 2 0 12.2 4.2 0 0.8 0 2.2 4
0 0 0 0 2.1 0 0 1.2 2.2 31
0 2 0 0 12.4 0 0 4.6 0 9
0 0 0.2 0 8 5.4 0 2 8.4 9
0 7 0 0 2 0 1.5 4.3 10.2 0
0 0 0 0 0 0 0 0 0 0
0 0 2 0 3.2 0 26.4 0 2.9 16
0 0 0 0 0 0 0 4.9 0 0
3 0 0 0 0 0 0 0 0 21
0 0 0 0.2 1.2 1 0 0 0 37
5 14 12 0 10.2 0.2 0 0 0 16
15 0 25.7 0 4 17.6 0 37 19.4 5
0 11 50.6 85.6 7.2 2.6 0 9 5 6
0 0 5.2 4 3 2.5 3.8 0 2 0
0 0 0 0 0 0 20 0 1 37
0 7 0.8 0 0 0 37 0 3 32
62 0 35.1 0.6 2 7.3 0 4 0 0
0 0 0 0 0 0 0 0 0 14
0 20 0 1.2 2 0 0 4 0 10
0 2 0 0 0.3 0 3.3 0 3.8 27
0 8 0 0 2 0 0 0 1.4 0
21 0 12.4 0 65.2 1.3 0 0 15.4 32
10 0 2 0 12.2 0.2 12.6 0 0 0
15 0 0 0.2 0 0 0 0 0 4
0 0 0 28.6 11 0 0 0 0 7
0 34 0 4.6 3 0 24 10 1 0
0 0 0 0 0 0 0 0 4.2 0
0 15 0 0 12.2 0 1.6 0 4.8 0
0 0 0 0 0 0 0.5 0 0 0
0 0 1.6 0 0 0 0 0 0 0
0 0 0 0 0 0 0 0 0 0
0 0 0 11.1 0 0 0 0 0 0
40 17 125.6 3 0 2 0.4 44.6 10 57
12 0 17.1 3.8 0 0 18.6 43 7.5 0
2.5 2.4 72 0 0 18.5 4.1 3.7 0 5
2 3 64.9 6.4 48.4 0.2 0 20.5 54 45
0 0 0 0 22.4 0.4 0 1.8 20.5 27
15 5 32.8 10 1.2 19.6 24.2 27.6 4 29
3 3 0.2 20 0 19.2 0 1.1 0 10
0 0 0 0 0 59.9 0 0 0 2
0 0 0 0 0 0 0 0 0 121
1 16.2 44.2 27.2 0 0.6 30.2 8 12.5 0
0 57 5.3 0 41.1 0.1 12.9 0 0 5
0 4 0 0 0 1.4 0 0 7.5 0
0 0 0 0 0 0 0 0 0 0
0 0 1.3 0 0 0 0 1 0 0
31 8 0 23 3.1 0 1.8 12.9 9 10
1 0 0 0 1.2 0 2.3 0 0 0
7 8 11.3 0 3.2 0 0 0 5 1
21 0 0 0 4.2 0.5 0 0 0 0
0 0 0 0 0 0 0 0 0 0
0 0 0 0 0 0 0 0 0 0
0 0 0 0 0 0 0 0 0 0
0 0 0 0 0 0 0 0 0 0
0 0 0 0 0 0 0 0 0 0
0 0 0 0 0 0 0 0 0 0
0 16 0 0 0 0 0 0 0 0
0 0 0 0 0 0 0 0 0 0
0 0 0 0 0 0 0 0 0 0
0 0 0 0 0 0 0 0 0 0
0 0 0 0 0 0 2 0 0 0
0 10 3.1 0 0 0.4 6.9 0 0 17
0 0 57.3 0 21 9.1 19.2 24.8 0 43
25 7 0.4 22.2 0 0 5 0.2 12.5 5
5 9 1.5 0.8 0 35.2 1.7 0 5.2 0
6 0 0 0 0 0 0 0 0 0
0 0 0 24.2 4 0 0 0.4 0 5
4 0 1.5 3.2 0 0.6 0 0 0 6
3 0 5.2 8 0 0 1.2 0 5.5 17
0 0 0.3 1.4 3.2 0 0 0 0 0
0 0 0 0 0 0 3.5 0 0 0
0 0 6.5 0 0 20.2 0 0 0 17
0 0 0 0 0 0 0 0 0 0
0 0 0 0 0 0 0 0 0 0
0 30 8.4 0 0 0.3 2.6 0 0 17
0 3 3.5 0 0 0 2.9 0 35 0
3 0 8.2 0 0 0 0 0 0 0
0 0 0 0 0 0 0 0 0 0
32.4 0 0 0 0 0 0 0 12 0
0 0 0 0 0 0 0 0 0 0
87 0 0.2 1 0 7.3 0 23 0 21
7 17 3.1 1.2 3.2 1 14.2 11 22 62
7 20 5.4 13.6 4.4 0 13.3 19.2 7.2 32
3 19 5.1 6.2 4 0 18.5 1.9 20.2 0
69 3 16.8 2.8 5.2 34.6 3.5 15.5 30 0
3 19 1.1 0 11.2 1.2 1.6 0 3.6 0
0 0 0 0 0 0 0 0 0 0
0 0 0 0 0 0 0 0 0 0
0 0 0.6 0 0 0 0 0 0 0
0 0 0 0 0 0 0 0 0 0
0 0 0 0 0 0 0 0 0 0
9 0 0 0 0 2.8 0 11 8.6 16
0 0 3.4 0 3.2 1.2 0 0 1.6 4
0 0 34.6 12 1 2.1 1.1 1.4 7.4 4
22 4 4.4 17.3 0 0.7 12.3 9.5 7 53
0 12 0.5 1.2 24 0 18.1 1.4 24 31
0 0 0 0 30.2 3.4 0 0 7.7 0
0 6 0 0 0 0 11.6 0 0 0
0 0 0 0 1.1 0 0 0 0 22
0 0 0 0 26.4 0 0 0 0 0
0 0 0 0 0 0 0 0 0 0
0 0 0 0 8 0 0 0 0 0
0 0 0 0 0 0 0 0 0 0
0 0 0 0 0 0 0 0 0.2 8
12 0 0.2 5.8 0 0 0 0 4 12
19.5 37 0 0 0 0 33.1 0 12.4 0
0 8 0 0 0 0 3.9 0 0 0
0 0 0 0 0 0 0 0 0 0
0 0 0 0 0 0 0 0 0 10
0 0 0 0 2.1 0 0.9 0 0 0
2 0 0 0 10 0 0 0 0 0
0 7 0 0 0 0 0 0 0 0
0 0 0.1 6.2 0 0 0 0 1.4 0
0 0 0 0 0 0 0 0 0 0
0 0 0 0 0 0 0 0 0.2 0
0 0 0 0 0 0 0 0 0 0
0 0 0 0 0 0 0 0 0 0
0 0 0 0 0 0 0 0 0 0
0 0 0 0 0 0 0 0 0 0
2 8 0 0 40 0.3 21.8 1.4 13 72
0 30 17 0 0 0.1 15.8 0.1 0 2
5 0 6.8 5 82.5 3.8 7.6 0.5 5 47
0 18 4.2 0 9 2.8 11.2 9.9 4.5 0
15 0 0 0 0 1.9 0 0 0 0
0 4 0 16.8 0 0 9.8 44 9.1 6
0 0 0 0 0 1.4 10 8 19.5 24
0 19 0 7.6 0 45.6 0 0 3.9 14
0 0 0 0 0 0 15.6 0 15 9
3 0 31.4 13.6 65 0 0 10 3.9 3
1 19 7 0 0 4.2 0 15 0 11
0 8 31.4 5.8 2 0 10 0 18.2 31
12 14 70 12.2 7.5 12.4 0 0 0 5
0 3 109 42 125 0.2 3.7 20 5.2 0
0 13 0 0 2.5 17.6 1.7 9 33.8 111
7 0 9.8 5.6 2.5 3.4 48 65.6 45.5 18
31 4 31.4 0 0 0.2 3.1 6.8 17.1 115
35 29 14.8 0 0 27.6 6.6 0.5 9.8 23
1 0 2.6 6 0 20 38.4 12.5 22.1 18
6 37 28 9.6 17.5 10.4 10 1.2 5.2 33
1 19 19.6 10.8 0 2 14.6 9.2 19.5 42
14 27 0 12.2 7.5 2.8 12.6 8.2 31.2 40
4 30 0 0 3 0 16 29.5 39 22
0 9 1.4 30.2 0 0 29.4 0.9 50 44
0 3 2.6 0 55 0 25.6 32.1 79.3 9
0 0 0.6 0 2.5 0 3.6 0 14.3 4
0 0 5.4 0 1.5 0 0 0 0 3
29 3 2.4 30.6 15 0 0.5 0 0 4
9 2 0.3 30.6 0 9.6 46.4 5.2 16.9 3
10 18 6.2 9 35 1.4 1.6 0 0 39
2 28 29 11.6 7.5 2.4 21.8 19 19.5 5
12 4 43.2 3 1.5 12.4 1.8 17 19.5 13
4 2 14 9.4 2.5 0.2 14.3 25 12 23
23 11 3.6 16.4 7.5 1.1 13.8 26 4 29
16 16 46 0 0 0 1.8 0 6.5 3
0 3 0.5 0 10 2.4 0 0 0 10
0 0 0 0 0 0 0 4 0 0
0 0 0 0 32.5 0 0 0 0 0
0 0 0 0 0 0 3.5 0 5.2 15
0 0 0 0 11 0.4 16.8 0 0 12
0 21 0 0 2.5 0 0 0 29.9 35
0 0 1.8 12 32.5 0 28 0 3.9 4
27 3 0 19 25 0 4 0 6.5 54
1 11 0 13.8 0 0 32 11 1.3 28
28 10 7.4 0 0 0 27.3 0 45 14
0 2 12.4 7.2 52.5 0 5.4 32 3.9 125
0 17 14.6 21.4 53 4.6 23.3 22 39 27
66 8 8 0 50 19.7 27.4 0 72.8 7
24 0 0 4.2 0 15.7 0 3 7.8 9
0 5 12 7.8 0 23.2 6.4 0 13.5 27
14 7 11.4 15 0 4.8 0 5.3 14 7
39 3 45.2 37 0 9.8 30.2 9.2 20.9 63
30 56 14.6 0 57.5 45.8 100.7 54.4 53.3 0
0 1 12 0 0 0 0 0.9 0 0
7 0 41 38.4 87.5 0 7.5 15 26 19
27 0 2 0 8 25.6 0 35 65 22
5 45 6.2 37.4 65 0 9.3 18.3 11.7 4
0 4 7.4 3.8 82.5 0 10.4 13 5.2 6
0 3 2.4 0 0 4.5 12.4 30 40.3 7
5 6 4.4 27.4 32.5 0.2 0 29 7.8 20
0 13 25.8 18 18.5 8.8 0 45 7.8 64
74 6 6.8 25 67.5 9.8 5 0 13.2 6
5 22 8 27.6 0 2.4 4.3 0 14 6
13 0 0 15.8 0 0 35.6 0 0 63
23 0 17.7 0 56 1.9 0 0 19.5 17.2
0 28 29 11 110 0.2 0 0 2.6 37.2
0 0 3.5 0 30 10.2 0 8 66.3 25
31 0 40.6 0 20 2.2 1.3 0 84.6 77
1 4 38.6 0 117.5 7.6 22.2 18 2.6 35
21 12 13 0 115 41.6 53.8 12 3.9 14
0 0 6 35 100 23 36.3 0 0 0
46 0 36 0 0 0 0 17 0 0
0 0 12 0 0 3.8 0 8 3.9 12
0 28 12 43.6 30 30 74.4 45 27 13
0 3 11 5 52.5 10.4 5 4 0 0
0 13 0 0 5 10.4 24.8 0 10.4 8
38 15 0 0 2.5 0 12.3 12 24.7 2
0 0 2.5 18.5 20 0 0 0 2.6 96
0 3 0 18.6 0 0 0 40 7.5 45
0 2 0 0 0 0 80.3 30 29.9 3
0 15 0 0 50 0 0 0 50.7 29
41 20 0 3 2.5 0 0 5 0 11
0 2 0 17 0 4.4 0 0 0 3
36 15 24.5 0 0 0 1.8 0 11.7 11
1 10 0 0 5 13.6 14.5 0 15.6 2
9 8 41.4 10.8 0 0.4 0 8 5.2 21
2 33 10.2 9.8 0 9.8 16.7 18 11.5 13
18 45 36.6 23.2 47.5 48.8 59.9 37 6.5 30
153 4 56 0 1.5 19.2 2.7 0 107.5 0
5 0 36.2 5.2 0 0 0 0 0 8
0 0 0 0 0 0.5 0 0 0 0
0 0 0 0 0 0 0 0 0 0
0 0 0 0 0 0 0 0 0 0
0 0 0 0 0 0 0 0 0 0
0 0 0 0 0 0 0 0 0 0
0 0 0 0 0 2 0 0 0 0
12 0 0 0 0 0 0 0 15 0
10 8.5 29.9 0 0 14 0 0 0 0
0 20 7.6 0 20 0 1.8 22 0 0
2 11.5 28 23 2.5 0 0 0 3.5 0
33 0 18.5 0 2.5 3.2 0 0 8 0
4 18 0 0 8 11 2.2 0 5 0
0 8 0 3.5 28 2.5 0 0 1 0
0 2.5 0 0 15 7.3 0 90 26.5 0
0 0 0 0 12.5 0 0 37 2.1 0
0 3.5 0 0 10 6 0 0 1 0
0 0 0 0 12.5 0 8 0 22 0
0 0 9 0 0 0 14.2 0 8.5 8
0 5.4 6.2 0 7.5 4.8 0.7 0 0 2
0 0 2.8 0 0 0 0 0 0 0
0 0 0 3.1 0 0 0 0 0 0
0 0 0 54 0 0 0 0 0 2
14 0 12 0 15 0 4 10 0 0
7 1.5 12.8 0 2.5 0 0 0 0 0
0 0 0 0 0 0 0 0 0 4
0 0 0 0 0 0 0 0 0 0
0 0 0 0 0 0 0 0 0 0
0 0 0 0 0 0 0 0 0 0
0 0 0 0 0 0 0 0 0 0
2 0 8 0 0 6.2 0 0 0 0
0 8.5 7.4 0 0 28.2 1.2 0 0 30.5
0 0 7.8 41.2 0 0 29.4 0 1 13
0 0 0 0 17.5 3.4 2.6 0 13 0
0 6.5 0 0 0 0 1.7 0 19.5 0
0 0 0 0 0 0 7.6 0 2 7
0 7 0 2.8 0 8 0 0 26 24
0 42 0 0 47.5 8.4 40.4 65 38 86
15 6.5 0 0 10 0 20 44 4 51
3 0 0 21 12.5 0 0 0 0 0
3 12.5 37.8 10.6 0 8.8 0 0 3.2 12
7 9 24.3 0 32.5 4.2 20.4 0 4 0
3 0 0 27.8 0 0.7 11.2 26 57 22
0 0 14 0 0 0 1.4 0 23 60
25 0 7.3 0 0 0.2 5.9 0 67 16
16 8 1.4 0 57.5 0.8 22.4 0 1.2 25
19 8.3 0 53 0 1 8.4 0 24 16
10 20 6 0 55 5.5 3.7 0 13 67
14 7 41.4 0 0 2.2 33.2 13 50 0
4 0 7 0 0 0 0 0 4.6 67
27 0 60.6 15.8 0 0.1 0 0 7 31
0 8 8.2 6.2 0 0.8 5.2 0 0 21
25 7 8.5 4 8 2.3 17.8 0 47 36
0 8 0 0 0 1.2 14.2 17 15 16
9 10.5 0 0 0 2 6.1 0 3.2 30
0 7.5 0 0 28 0.7 17.6 93 64 45
22 17 0 0 0 17 0 49 81 48
0 5 56.1 11.8 0 42.2 0 0 12 12
0 3.5 30.4 12.2 0 19.8 4 0 30 59
26 4 17.8 0 0 15.6 3.8 0 9.6 22
25 10.5 39.8 2.2 33 44.6 1.3 0 7.6 5
0 6.5 2.4 0 2.5 0.5 0 0 0 0
6 12.5 4.5 0 2.5 0.5 12.4 0 0 0
15 0 0 0 0 0 0 0 0 0
0 0 0 17 0 0 0 0 1.2 4
0 0 0 14.2 7 21.6 0 0 0 18
0 0 3.3 0 0 3.8 0 0 19.2 0
0 18 0.8 0 0 0 2 0 15 25
28 2 20 3.2 15 0 4 0 0 18
3 9 29.3 7.8 12.5 0.5 9.4 17 30 0
0 10.5 9.1 6 0 5.8 2.6 0 9 0
0 5.7 16.4 0 0 9.8 23.4 0 0.4 0
0 14 0 0 20 0 1 0 0 0
0 0 0 0 0 0 0 0 0 0
0 3.5 0 0 0 0 0 0 0 0
0 0 0 0 0 1.8 0 0 6.5 14
0 0 1.2 17 0 0 0 5 17.6 0
0 4 23.7 9.1 0 14.8 0 0 12.5 5
0 7 0 0 0 0 0 0 0 0
0 6.5 0 0 0 0 0 0 0 0
0 0 0 6 33 0 0.4 0 5.2 6
0 0 0 0 0 0 9.2 0 4.8 8
0 15.5 0 0 10 0 3.2 0 10.4 0
0 6 0 12 2.5 0 2.5 0 12 2
0 0 0 0 0 1.8 2.9 0 3.2 0
6 13.5 0 6.6 0 0 0 0 4 0
0 1.5 21.1 0 25 2.6 0 0 0 4
0 0 0 0 0 0 0 0 0 7.5
0 0 0 0 15 0 5.1 0 2.8 0
0 0 0 0 0 0 0 0 0 3
0 0 0 0 0 0 0 0 0 1
0 0 0 0 0 10.2 0 0 0 0
0 0 0 0 0 0 0 0 0 0
0 0 42.2 0 0 0 5.8 0 0 0
0 8.5 8 0 0 0.5 0 0 0 0
0 13.5 0.2 0 0 0 0 0 0 28
0 7.5 6.8 0 0 0 25.5 1 0 3
0 0 0 0 0 3.6 0 0 0 0
0 0 0 0 34.5 0 0 0 0 0
0 0 0 0 0 0 0 0 0 0
0 2.5 0 0 0 0 0 0 0 1
0 0 0 0 0 0 0 0 0 24
0 0 0 0 0 0 0 0 0 9
0 0 4.6 0 23 0 1 13 0 20
5 5 2.6 0 0 0 14.4 6 73 33
0 7.5 1.3 15.1 20 0 6 0 30 12
0 4.5 0.5 0 0 1.3 0 16 5 7
17 4 26.8 13 1.1 0 4.4 0 1.2 42
0 14 0 1 19 0 27.4 0 0 17
23 0 77.4 31 7 0.6 16.4 0 5.7 0
0 0 6.4 0 0 0 7.4 0 3 0
0 17 0 0 0 0.2 0 0 0 0
0 4.5 0 0 0 0 0 0 0 24
0 2.5 0.1 0 0 2.6 0 0 0 0
0 3 56 0 0 3.6 0 0 0 24
0 1 0 1 42.5 0 29.2 9 2.5 29
4 0 5.8 5 9.3 0 0 0 6 19
34 0 0 0 0 0 7.2 0 0 0
0 0 0 0 0 0 0 0 0 25
0 31 0 0 8 0 0 1 14 3
0 1 14 0 57 1.3 0 0 3 1
66 0 16 0 0 3.2 3.4 0 13 16
0 0 0 0 0.5 14.5 0 0 4 37
0 0 2 11.1 0 0 0 23 0 64
0 0 0 0 0 0 0 82 0 75
0 0 0 0 0 0.4 34.8 3 10 0
2 4 0 0 37 8 18.4 0 5 0
0 0 0 0 4.5 0 0 0 0 0
0 0 0 24 2.5 0 9.6 45 2 19
7 0 0 0 7 10.2 0 25 0 15
0 6.5 0 5.3 4.5 0 0 38 9 21
8 2.5 0 0 0 8.4 18.4 7 30 40
0 5 0 0 0 0 0 0 8.5 32
34 0 17.6 5.8 38.5 19.2 0 0 6 7
2 1 15 0 0 17.5 0 4 12 0
4 3.5 18 16.1 1 20 0 8.3 6 9
3 0 0 0.8 1.4 2.7 0 21 18 5
0 15 34.2 0 0 0 10.2 18 0 10
0 0 0 9 0 0.8 0 21 0 32
5 16 0 36 0 4.4 64.5 25 33.3 3
8 0 0 0.2 17 0 0 17 10 4
12 8.5 50.2 21.8 17.5 55.8 87 0 6 18
37 13 0 23.9 35.5 47 0 83 0 31
7 0 20.2 16.6 4.5 1.8 16.8 28 5 33
34 10 5.5 0.8 23.5 6.4 2.2 0 4 0
0 11 0 7.8 0 0 3.4 0 0 14
2 20 0 0 0 3 7.5 16 10 34
0 6.5 0 11 7.5 3.3 5.9 0 28 0
0 0 0 2.4 0 0 2.5 0 0 2
0 0 0 0 0 0.2 0 14 4 25
0 19 0.9 0 0 1 0 25 10 70
0 18 34.6 0 0 8.2 14.2 0 35.2 50
0 32 33.4 30 0 1.2 17.6 0 27 37
0 35 26.2 19.2 0 1.6 12.2 4 39 18
0 9 0 0 19.5 0 8.3 0 0 0
7 2 0 0 10.2 2.5 0 11 0 3
0 0 9.6 0 0 0 0 0 3 0
38 7.5 0.6 0 0 0 3.3 0 0 7
0 8 0 10.6 0 0 10.2 0 3.5 12
4 7 1 0 0 1.2 6.4 0 16 0
0 0 0.3 0 0 1.4 0 7 0 0
23 24 1.1 8.4 26 0 25.8 0 1 15
0 3 0 0 0 0 0.8 12 1.5 1
26 34 9.6 31 0 74.5 5.3 7 12 56
5 9 7.2 21.4 7.5 4.3 4.8 33 10 71
10 83 0 39.6 32 1.8 72 0 50 0
0 0 0 0 33 0 1.5 20 15 44
0 17.5 38.4 0 0 10.7 1.9 0 3 9
12 0 41.5 0 21 6.2 0 11 30 17
2 12 9.5 0 0 0.2 0 10 5 18
14 4 0 8.4 7.5 0.1 0 33 10 6
3 7 3.7 1.6 14 13.4 29 2 52 26
9 9 16.5 0 0 0.4 0 0 0 25
18 24.5 99.2 0 8 4.6 16.6 39 0 15
9 12 0.1 6 10.3 25.8 8.6 2 25 10
0 9.5 15.5 59.3 7 22 0 0 0 3
18 11 0 17.2 3 0.1 0 0 0 0
2 2 0 9.2 5.3 0 3.7 0 8 25
0 0 0 0 28.3 6.8 8.8 0 1 24
0 1.5 0.1 3 15 0 0 35 15 15
18.5 15 7.5 0 23 1.2 31.4 0 35 23
0 0 1.2 0 0 0 0 0 0 0
0 0 0 0 0 0 0 0 0 0
0 0 0 0 0 0 0 0 0 0
0 0 0 0 0 0 0 0 0 0
0 0 0 0 0 0 0 0 0 0
0 0 0 0 0 0 0 0 0 0
0 0 0 0 0 0 0 15 0 0
0 0 26.4 1 0 0 0 9 60 51
0 0 5.7 0 0 0 0 25 7 0
0 0 7.5 0 0 0 0 0 0 0
0 0 1 0 0 0 0 0 0 0
0 3 12.6 0 0 0 0 0 0 0
24 0 0 0 0 0 0 0 0 0
0 0 0 0 0 0 0 0 0 11
0 9 6.6 0 2.9 0 0 22 6 7
0 4 0 0 1 0 0 0 16 10
0 15 0 0 0 0 1.7 0 0 0
0 0 0 0 0 0 0 0 0 0
0 0 0 0 0 0 0 0 0 1
0 0 0 0 20 0 0 0 0 0
0 12 0 0 0 0 0 0 0 0
4 6 0 6.2 1.2 0 0 0 15 9
0 4.5 0 6.6 11 0 1.2 0 10 14
0 5 6.8 0 0 0 0 0 0 16
7 1 14.2 0 0 0 0 0 46 4
0 2.5 1.8 0 0 0.4 6.8 0 0 2
0 0 6.7 3.8 18 11 0 0 6 0
0 0 0 0 0 0 0 0 0 0
0 5.6 0 20.2 28.2 3.4 0 0 43 22
0 4 8.2 0 0 0 0 0 15 17
0 0 0 0 15 23 2.6 0 15 16
0 0 0 0 14.2 0 0 0 0 8
0 0 0 0 0 0 0 0 3 0
0 0 0 0 0 0 0 0 2 0
27 0 0 0 0 1.8 0 0 0 24
0 0 1 0 2.6 0 0 0 0 0
0 0 0 0 7.2 0 29.6 18 2 0
0 0 0 0 7.2 0 15.4 0 32 31
0 1 1.5 0 0 0 0 6 9 30
0 0 24.6 0 0 47.4 0 30 0 15
0 0 0 0 5 0 0 30 1 0
0 0 2.5 0 5.2 0 0 0 1 7
0 0 6.1 0 0 0 0 0 1 0
0 0 89.6 0 0.8 38.2 0 0 0 0
0 25 0.4 0 4.5 0 14.2 27 33 50
39 7 5.6 0.8 0 2.4 0 22 2 28
30 11.4 56.6 51 23 54.6 11.4 4 43 4
34 3.5 7.5 0 1 38.8 0 0 0 0
0 1 21 0 0 1.4 39.4 10 30 0
0 0 28.6 0 38.4 2.4 4.8 0 4 31
0 0 5.7 11.8 60 0 21.2 10 1 10
10 0 6 0 0 6.8 0 10 5 13
12 0 43 0 0 0 3.9 25 0 8
0 1 28 0 20 0 17 0 4 16
0 0 0 2.8 0 0.4 0 0 0 10
41 16 4 19.4 3.1 1 0 15 4 6
13 0 11.9 6.4 0 4.6 0 15 18 30
0 39 10 84.4 0 0.4 14.4 0 12 30
0 10 0 29.4 82.1 0 14 0 18 7
0 2.5 0 0 25 0 0 0 0 3
0 3 38.4 0 0 5 0 47 6 5
48 0 9.3 10 10 0 0 0 97 4
0 16.5 11 11.2 1.5 13.2 6.3 50 2 3
15 17 12.2 39.2 46.2 10 14.2 0 13 14
44 0 7 4.8 0 12.2 0 9 8 18
43 0 16.3 1 14 13.2 4.7 8 2 8
14 3 1.5 0 30 3.4 0 25 0 2
11 24.3 11 41.8 55 55.6 5.2 10 7 20
0 9 2.5 0 0 7 3.8 45 21 10
18 15 13.6 21.8 42.2 16 3.7 33 7 15
15 14 48.5 33 0 44 1.8 0 6 58
0 16 11 11.8 0 0 2.1 0 18 2
0 3.5 0 2.1 13 0 0 0 6 13
0 2 5.7 0.5 0 3.4 0 0 14 20
0 1 0 0 0 2.2 0 0 2 21
0 1 0 12.4 51 0 64.7 44 32 30
0 0 0 0 0 0 0 9 0 20
0 27 0 0 0 0 21.2 0 0 0
0 4.5 0 3.2 29 2.2 2 0 21 29
0 13 13.1 0 0 0 2.1 69 1 0
0 2 0 0 0 2.6 0 0 6 8
0 26 9.9 0 0 19 7.3 0 15 1
43 6 26.9 3.2 5.2 15 50 70 36 5
31 27 0 9.9 33.5 7.8 19.2 0 18 34
0 13 0 0 5.5 0 0 30 13 2
23 42 0 12.8 53 0 0 19 15 25
0 10 7 29.8 15 2.8 28.6 0 25 39
36 2 6 0 0 0 0 0 15 10
12 9.5 31.8 33 0 2.4 0 5 15 52
0 1 0 23 0 0 0 5 10 2
0 0 0 5.2 0 0 0.9 0 0 0
4 0 0 0 0 0 0 0 0 6
0 0 0 0 0 0 0 0 0 0
0 0 0 0 0 0 0 0 0 0
0 0 0 0 0 0 0 0 0 0
0 0 0 0 24.5 0 0 0 0 0
0 0 0 1 0 0 0 1 0.8 14
26 0 22.5 0 0 0 0 0 11.2 3
2 0 0.2 0 0 12.5 0.8 3.5 5 7
0 0 11.3 0 0 0 0 0 28 115
0 4 2.8 0 6.5 0 3.1 0 6 25
3 0 3.6 5.8 0 21.2 0 3 32.8 16
0 0 0 8.2 0 0 0 3 0 37
0 0 0 0 0 0 0 0 0 0
0 0 0 0 0.3 0 0 0 5.2 0
0 0 0 0 0 0 0 0 0 0
0 0 4.8 7 0 6.5 7.8 37 26 14
0 0 0 0 0 0 0 0 0 0
0 0 0 58.6 12 28 0 16 1.8 2
0 0 0 0 0.2 0 0 0 12 4
0 0 0 0 1.5 0 0 0 0 0
3 1 0.6 0 1.8 0 12.2 0 6.4 2
20 7 0 27 2.4 0 0.8 44 0 34
22 4 2.1 0 8 0 3.6 0 0.6 57
0 0 11.7 0 22.5 6.8 0 9 0.3 36
0 7 0 26.4 0 0 0 0 6.6 16
0 7.5 0 15 1 0 10.6 0 13 9
0 4 1.1 0 64 0 6.5 10 28 12
26 5 14 0 29.2 0 4.6 0 86 50
0 7.5 0 4.4 1.4 0 4.6 0 8.6 10
28 9 43.5 0 0 45.2 0 0 34.8 19
0 5 22.5 0 0 0 0 0 0 2
0 0 3.9 0 34.6 1 0 0 27.8 29
0 0 0.8 2.8 0 1 0 0 30.6 0
0 0 0 0 7 0 0 0 0 0
0 0 0 0 4 0 0 0 0 0
0 0 0 0 0 0 0 0 0 0
0 5 0 0 0 0 0 0 0 0
0 0 0 0 0 0 0 0 0 0
0 0 14.4 0 0 0 0 0 0 2
0 0 0 0 0 0 0 0 4.6 4
0 0 0 0 13 0 0 0 0 8
0 0 0 0 16.2 0 0 0 1.6 9
0 0 0 0 0 0 0 0 0 0
0 0 0 0 0 0 0 0 0 6
0 3 0 0 0 0 0 0 15 0
0 2.5 0 0 0 0 0 0 6.2 4
1.5 3 9.3 0 2.6 0 0 1 0 0
12 4 5 2.8 0.6 0 0 0 4.4 2
0 0 0 0 3 0 0 6.5 5.4 16
0 0 1.5 1.2 1.4 28.2 0 0 0 0
0 2 0 0 0 0 2.6 0 12.6 38
7 9.5 0.5 0 0 0 12.6 0 19.2 20
0 10 2.8 0 134.6 0 0 0 1 7
0 0 0 0 0.6 0 0 0 0 0
0 0 0 0 0.4 0 0 0 0.6 2
67 13 3 0 0.1 0 3.4 0 1.8 0
0 0 0.4 0 0 0 0 8.5 14.2 44
12 0 0 0 40.4 0 0 0 19.4 5
0 0 0 0 0 0 0 0 0 6
0 0 2.3 0 40.4 8.8 1.5 3 0.6 17
0 8 19 0 2.1 25.5 0 0 1 5
12 12 11.5 0 8.1 43 2.6 15 18 41
9 4.3 36.7 17.8 7 18.2 3.2 13.5 2 19
0 2 0 3.6 0.2 0 4.4 11 20 2
8 6 58 73.2 0 3.5 0 17 11.6 6
20 14 26.6 0 0 46 6.2 2 7 11
0 7 3.4 19.5 11.8 3.3 0 0 3 5
0 0 0.9 0 3.8 0.6 0 0 0 0
0 0 0.6 0 16.6 0 0 0 0 8
0 0 2.2 0 0 0 0 0 0 0
0 0 0 0 3.5 0 0 0 0 0
0 0 0 0 2.2 0 0 0 0 0
0 0 0 0 0 0 0 0 0 0
0 0 0 0 0 0 0 0 0 0
15 0 0 1 6 0 7 0 0 0
1 3 0 0 2 0 0 0 4.2 5
0 0 12.8 0 6.2 9.6 0 0 3 2
9 5 0.5 11.2 0 0 0 0 5 8
0 5 0 0 23.8 0 0 0 0 1
0 0 0 0 0 0 0 0 0 0
4 0 0 0 0 0 0 14 0 0
2 0 0.9 6 16.2 0 0 0 0.6 35
4 20 0 2.2 20.2 0 0 0 21.4 23
0 6 0 10.6 0.1 0 3.6 0 10 2
7 13 0 1.2 0.2 0 1.8 0 0 0
11 27 16.5 0 22 2.4 15.6 0 11.8 8
0 8.5 14.2 0 0 17.2 1.5 0 5 0
11 6 0 26 0 0 0 13.5 7.6 12
4 17 42.6 48.4 0 0 19.8 3.5 20 115
5 19.5 8.4 0 19.5 0 12 0 5 3
0 3 13.2 16.4 0 0 3.4 0 20 16
0 0 20.2 0 0 0 0 0 0 10
10 22 0 0 15 2.2 1.7 41 15 0
5 0 2.5 0 0 6.8 0 0 1 0
0 0 27 0 0 0.3 0 0 12 0
11 12 15.2 12.4 7 2 0 6 8 60
0 0 0 0 0 0 0 0 0 0
0 0 0 0 25 0 0 0 0 0
0 0 0 0 0 0 0 0 0 0
0 0 1.5 0 6 0 0 0 0 0
0 0 0 0 0 0 0 0 0 0
0 0 0 0 0 0 0 0 18 0
0 0 3 0 0 0 0 0 0 0
0 0 26.2 0 70 0 14.3 0 2 1
0 8 4 0 25 31.6 9.4 46 11 1
27 1.5 23.8 0 1.5 0 6 0 7 0
8 0 0 26 6 1 0 26 50 23
0 0 0 0 5.5 0 42.8 2 10 15
0 3 0 2.6 0.5 0 6.7 0 54 30
0 0 0 0 1 0 1.6 0 6 15
0 0 0.5 0 0 0 0 0 0 0
0 0 0.3 0 3 0 0 0 0 0
0 0 0 0 0 0 0 3 15 2
0 0 0.4 0 1 0 0 0 0 0
8 6 0 0 16 0 6.9 0 23 14
0 0 0 0 6 0 0 0 2 0
0 0 0 0 0 0 0 0 0 0
0 0 0 0 0 0 0 0 0 0
0 0 0 0 12 0 0 0 0 16
0 0 0 0 0 0 0 0 3.5 0
0 5 0 0 0.5 0 0 0 0 0
0 4 0 1.2 0 0 0 0 6 9
0 4.5 2.8 0 0 0 0 0 25 25
0 0 0 0 0 0 0 0 0 0
0 0 0 0 0 4.4 0 0 0 0
21 61 19 0 27.5 0 24.6 0 12.5 40
60 9.7 18.8 26.1 0 57 10 17 28 12
0 6 27.8 0 0 4.4 2.5 17 5.5 5
0 0 34.6 0 3.4 5.2 0 0 14.5 15
0 0 44 1.2 3 15.8 4.5 27 2 24
7 7.3 26.2 3.9 0 0 6.2 0 40 15
10 3.8 0 0 65 5.3 8.4 26 32 19
0 5.6 2.8 0 53 55 6 0 5.8 18
0 0 0 0 18 1.8 0 17 8 10
26 2.4 6.5 9.8 4 1.4 4.3 0 4 22
0 0 0 0 7 0 4.7 0 20 10
0 2.5 0 6 1 0 2.7 0 3 15
0 0 0 0 25 0 0 0 0 0
0 0 0 0 0 0 0 0 0 2
0 0 0 0 84 0 6.5 17 0 5
0 0 18.4 0 46 0 0 0 10 10
1.1 12 75 4 7 29 12.4 5 50 16
11 0 0 0 0 0 0 0 1 2
0 0 0.3 0 0 0 0 9 12 0
0 0 61 16.9 18.2 0 31.6 79 2 31
47 24 0 46.6 128.6 6.2 24.6 7 27.5 14
14 4 17.5 12 0 5.2 6.5 0 4 0
6 0 0 1 1.2 0 0 25 2.5 14
0 14.3 24 15.4 0 8.4 0 0 23 10
0 3 0 0 18 0 23.6 12 0 11
3 10.5 17 8.8 78.8 25 12.8 0 0 0
0 1.5 0 0 0.6 3 0 0 3 4
0 3 14 0 20 2.8 0 0 7.2 9
0 0 0 0 6 0 0 0 4.5 40
0 0 0 0 0 0 0 0 0 4
0 28 0 0 6 0 0 0 3.5 0
12 1.8 3.8 0 20 0 1.6 0 10 16
0 10 0 0 18 0 0 0 1 3
0 0 0 0 1 0 0 1 15 9
0 0 0 0 0.5 0 0 0 16 2
0 2 16.5 0 0 0 0 0 0 0
9 1.3 0 0 0 3.6 1.1 0 0 1
0 0 0 1.2 0 0 0 0 6 0
0 22 41.7 0 4 0 0 3 1 0
0 0 0.9 0 3.2 12 0 0 0 0
0 17 22.1 0 0.4 1 0 0 0 0
0 1 2 38.6 13 0 1.6 11 1 0
0 11 12 0 6 0 0 0 3 1
0 1.5 0 0 14 0 2.5 0 40.5 3
20 2.5 0 49.2 0 0 3.6 18 20 0
0 0 0 0 0 0 0 12 0 6
0 0 0 0 17 0 0 13 10 15
0 15 0 0 4 0 26.6 14 35 3
0 0 23.4 0 1 0 0 2 0 10
0 2.5 12.1 0 10 0 0 0 6 0
5 3.5 0 0 15 0 2.3 0 0 3
0 15 0 0 12 0 5.8 0 4 18
11 36 8.9 29.6 4 0 0 29 10 37
0 1 0 0 0 0 0 0 0 0
0 0 0 0 0 0 0 0 0 0
0 0 0 0 0.5 0 18 0 0 0
0 3.4 23.2 20.2 0 0 0 0 14 24
0 7 4 0 2 4 0 0 0 0
0 0 24 0 0 6.4 0 0 0 0
0 0 4 0 0 0 0 0 0 0
0 5 0 0 26 0 12.5 0 85 27
0 0 0 11.2 0 0 0 2 9 4
0 0 0 0 0 3.6 0 0 0 3
0 0 0 0 5 0 0 0 2 0
0 5.6 73 0 2 12 10.8 0 12.5 16
11 38 13 8.8 0 10.2 18.8 22.7 4 11
17 26 5.8 17.6 35 15 17.2 8.5 5.5 9
0 11.5 0 16.9 0.5 0 0 8 0 0
44 3 10 59 0 0 0 0 0 11
20 53 20 0 10 9.2 17.6 24.4 2 0
0 1 30 0 0 1.7 0 0 0 0
13 18 0 65.9 11.6 3.2 7.4 17.8 18.5 21
7 5 12.8 2.2 5 3.6 3.3 4 0 0
11 26 20 21 28 12.8 11.8 2 54 29
12 51 21.8 57.5 22 7 4.4 0 27.5 51
1 0 0 0 0 0 0 0 0 0
0 21 0 0 10 0 3.2 0 12.5 3
11 0 7 0 8 5.5 0 0 5 6
0 0 2 0 0 0 0 0 0 0
0 14 3.4 23.8 0 5.4 0 0 0 0
0 0 0.3 12.2 2 0.8 0 0 9.2 0.5
0 3 0 0 15 0 0 0 0 0
0 0 0 0 0 0 0 0 0 0
0 0 0 0 1.8 1.2 0 0 0 0
0 0 49.4 0 10 0 0 0 4 0
0 0 0 0 0 3.5 0 19 3 6
0 0 0 0 0 0 0 0 0 0
0 0 0 0 0.2 0 6 2 12 0
0 0 0 0 0.2 0 0 0 0 0
0 0 0 0 14 0 0 0 1.5 0
16 0 0 11.1 11 25.2 0 15 1 6.5
41 0 79 0 0 7 0 18 0 6.5
5 3 13.3 2.6 1.2 0 0 6 12 0
0 0 0 0 0 13 0 0 0 0
3 4 0 15.2 3.2 0 0.5 0 1.4 3
13 11.5 2.2 0.6 13 18 0.3 0 4.6 2.5
0 2.5 0 3.8 19 0 6.9 0 10 0
0 0 0 0 9 0 0 4 2 0
0 21 0 31.8 0.5 0 32 3.6 4.2 5
14 2 103 2.8 0 21 8.1 0.8 2 3
0 5 1.4 6.6 25 0 0 0 20.2 20
0 8 0 0 12 0 0 0 0 0
0 0 0 0 0.5 0 0 0 10 3
0 0 0 0 25 0 0 0 0 0
0 6 0 29.2 7 0 5.2 3.6 56 15
0 3.5 2.2 0 0.5 2 0 0 2 0
0 5 2.8 0 0 1 0 0 7 15
0 5.5 8 0 38.6 0 8.7 6 81 35
16 0 14.2 0 0.4 0 22.8 5.2 5.5 0
12 4 0.4 1 0.2 0 2 0 0 0
33 4 15 0 23 0 7.9 0 3.5 5
30.5 45 0 55.8 50 0 10.6 0 12 10
0 2 0 0 2.5 6.2 0 0.5 0 1
0 29 0 3.4 25 0 8.8 0 22 28
30 24.3 1.3 60 11 2.3 0 0 9 12
31 5 32 0 14 25 4.5 0 21 35
2 13 23.4 42 23.5 18 16 0 13.5 20
0 4 8.9 0 2 0 0 3.8 3.5 10
0 6 1.4 0 5 0 0 0 31 15
0 32 1.1 7.8 11.5 4.4 6.9 3 19.5 18
4 7 1 5.2 11 0 7.8 0 18 12
0 0 0 0 10 0 0 0 20.5 6
0 0 5.9 0 0 10.2 0 0 0 0
0 0 10.5 0 7.5 2 2.9 0 4 0
0 0 4.7 0 0.5 0 0 0 6.5 0
0 7.5 0 0 0 0 0 3 2.8 4
0 0 0 0 0 0 0 0 0 0
0 4 0 2.2 0 0 4.7 0 1.5 5
30 9.5 3.4 8 6 0 5.6 12 20.6 37
0 2 0 0 18 0 4.5 0 6.1 1
0 0 0 0 18.5 0 0 0 2 0
0 0 0 0 3.5 0 0 0 0 0
0 1 3.3 0 0 0 0 0 0 0
0 6 0 0 5 0 0.9 0 6.8 5
0 0 0 0 0 0 0 0 0 0
0 0 0.7 0 0 0 0 0 2 0
0 5 0 0 2 0 0 0 0.2 0
0 0 0 0 0 0 1.9 0 0 0
0 0 0 0 0 0 0 0 0 0
0 0 0 0 0 0 0 0 0 0
0 0 0 0 0 0 0 0 0 0
0 0 0 0 0 0 0 0 0 0
0 0 0 0 0 0 0 0 0 0
0 7 0 0 0.5 0 0 0 0 0
0 0 0 0 0 20 0 0 10 16
0 0 0 0 0 0 0 0 0 0
0 0 3.6 0 0 0 0 0 0 0
0 0 0 0 0 0 0 0 0 0
0 0 0 0 0 0 0 0 0 0
0 0 0 0 0 0 0 0 0 0
0 0 0 0 0 0 0 0 38 0
0 0 15.1 0 0 0 0 0 0 0
0 0 0 0 0 0 0 0 0 0
0 0 0 0 0 0 0 0 0 0
0 0 0 0 5.5 0 0 0 0 0
0 0 0 0 0 0 0 0 0 0
0 0 27.7 0 0 0 0 0 1 0
0 0 0 0 49 33.8 0 0 21.4 54
0 15 1.1 0 14 0 0 9.6 1 6
0 0 0 0 0 0 0 0 1 2
0 0 0 0 3 0 0 0 7 12
0 0 0 0 0 0 0 0 8 0
0 0 2.3 0 0 12.5 0 0 1 15
0 0 0 0 0 0 0 0 9 19
0 0 0 0 0 0 0 0 0 0
0 0 0 0 4 0 0 0 0.2 2
58 0 85 6.4 5 0 0 0 0.1 3
0 3 62.7 31 11 6 8.4 0 20.4 5
0 0 19.8 0 16 0 0 0 0 0
0 0 45.5 5.8 0 0 0 0 8 0
0 0 0 0 0 0 0 0 0 0
0 12 21.8 0 5 5.8 0 0 5.8 0
20 2.5 0 0 1 3 0 0 0 0
25 0 0 3.4 0 10 0 0 5 16
5 24 1 4 1 3.5 0.6 0 9 0
0 12.5 14.5 4.2 0 3 3.5 7.2 0.4 5
0 0 3.3 0 0 0 0 0 2 0
0 0 0 0 0 0 0 0 0 0
0 0 0 0 1 0 0 0 0 0
0 0 7 0 0.5 0 0 0 0 0
0 0 0 0 0 0 0 0 0 0
0 0 0 0 0 0 0 0 0 0
0 0 0 0 0 0 0 0 0 0
0 4 0 0 7 0 0 0 0 0
0 0 0 0 2 0 0 0 0 0
0 0 0 0 0 0 0 0 0 0
0 0 0 0 7 0 0 0 0 0
0 0 0 0 16 0 0 0 0 8
0 3 0.7 0 0 0 3.8 8.5 0.6 2
0 0 0 0 0 0 0 0 0 6.4
0 0 0 0 0 0 0 0 0 0
0 0 7.5 0 3 0 0 0 0 0
0 4 0 0 0 0 0 0 0 6
0 0 0.7 0 0 0 0 0 0 0
0 0 0 0 23 0 0 0 1.4 0
0 0 0 0 0 0 0 0 0 0
0 0 0 0 1 0 0 0 12.2 0
0 0 0 0 15 0 0 0 3.4 22
2 10.5 36 5.6 6 0 4.1 0 4 6
6 0 30 7 10 2.8 4.4 7 0 14
8 49 8 5.8 5 36 4 10 10.8 13
41 12 8.5 8.6 13 14 4.2 44 19.8 22
0 20.5 0 0 1.5 0 15.4 2 2.3 23
0 0 31 0 0 0 0 0 0 25
0 0 15.4 0 13 0 0 0 3.2 10
0 0 0 0 0 0 5.8 0 0 0
0 0 0 0 15 0 1 0 1.4 0
0 0 0 0 0 0 0 0 0 15
0 0 0 0 14 0 0 0 3.2 2.6
0 0 0 0 0 0 0 0 0 0
28 0 42.6 0 0 11 0 0 0 0
0 0 0 0 3 0 0 0 4 26
0 0 0 0 10 0 0 0 12.2 18
0 0 0 0 0 0 0 0 0 0
0 0 0 0 0 0 0 0 0 0
0 0 0 0 0 0 0 0 0 0
0 0 0 0 0 0 0 0 0 0
0 0 0 0 2 0 0 0 0 0
0 0 0 0 0.5 0 0 0 0.1 0
0 0 0 0 10.5 0 0 0 0 15
0 7 0 0 0.5 0 1.4 0 0 0
0 0 0 0 51 0 6.7 24.1 10 33
0 14 0 0 0 0 0 0 43.2 0
23 0 0 0 1 0 0 0 2 18
8 8 0 0 0 0 0 0 0 0
0 25 0 0 24 0 12.5 0 3.8 15
0 0 0 0 5 0 0 0 0 0
0 0 0 2 0 0 0 0 0 0
0 54.3 0 0 0 0 5.4 16 0 13
15 6 0 36.2 2 0 4.7 0 6.2 70
0 0 10 0 0 48.5 8 0 0.8 2.2
0 21 0 0 1 11.6 0 0 6.2 5
0 0 0 0 0 0 0 6.5 1 0
2 0 0 0 2 0 0 0 0.1 0
0 0 0 0 27 0 0 0 0 0
0 0 0 0 0 0 0 0 0 0
0 0 0.5 0 0 0 0 0 0 0
0 0 31 0 0 0 0 0 0 0
10 0 21 0 5.8 2.6 0 0 0 0
41 0 11.5 0 15 17 0 0 28 0
0 20 29.8 13 0 12.4 25.4 11.5 78.6 71
0 0 0 0 0 0 3.8 12 17.4 0
0 23 0 2.4 0 0 3.4 0 6 0
10 10 0 0 0 0 2.2 3.5 9.2 6
0 0 0 0 77 1.4 0 0 0 0
0 0 0 0 1 0 0.5 0 5 28
0 8 0 55.2 60.2 0 2.3 52 9.5 22
0 7 0 20.3 3 2.4 7.4 0 0 0
0 15 45 0 0 7 29.6 3.5 18 0
0 7 0 8.4 0 1.4 6.2 5 3.5 25
0 23 1.5 0 0 0 6.1 0 9.5 0
6 0 12 11.2 1 2.4 15.7 11.5 34 42
0 0 0 0 0.5 0 0 0 1 8
0 11 0 0 24 0 2 0 0 0
0 13 6 0 11 0 6 2.1 43.3 0
0 6 0 0 15 0 0 0 0 0
0 0 0 0 0 0 0 0 0 0
0 0 0 0 0 0 0 0 0 0
0 0 0 0 0 0 0 0 0 0
12 10 5 0 10 17 0 0 2.8 48
0 5 0 0 15 0 3.4 0 11.8 12
6.5 15 0.1 24.6 32 0 1.8 0 24.4 72
3 0 7 11.2 4.6 0 0 7.5 12 0
0 0 0 0 0 0 0 0 0 9
1.5 10.5 0 4.1 15.2 0 12.6 0 16.1 15
0 0 0 0 2.5 0 0 0 0 0
0 2 0 0 38 0 10 0 10 14
0 5.5 0 0 34 0 0 0 33.5 8
0 0 0 0 22.5 0 16.5 1 10.4 8
0 0 0 0 0 0 0 0 0 0
3 0 0 0 17 10 0 3.5 1 9
37 0 35.8 3 3 4.6 4.2 0 27.2 16
0 0 0 0 25 0 1.2 7 2 17
0 3 0 0 0 0 2.6 23 21.2 0
0 0 0 0 0 0 20.6 33 24.2 5
2 3 2 0 0 0 6.4 15 5 3
0 11.5 9 0 36 2.4 0 7 8.5 45
17 16 6.6 25.4 0 0 0 32 33.4 65
0 0 0 0 10 0 0 0 5 16
0 0 5.8 0 5.5 0 6.4 0 0.5 0
0 17 0 0 3.5 0 0 0 3 5
0 0 13.8 0 1 0 0 0 13.4 20
2 13 13.8 0 15 0 8.1 0 12.8 0
0 18 9 0 0 1.2 4.6 0 3.2 22
0 12 0 0 7.8 0 3 0 20 19
4 20 15 0 0 0 0 2 9.8 23
5 14 7 0 2 11.8 0 0 33.4 8
23 18.5 9 23 37.2 0 17.6 13 67.4 20
0 10 0 0 18 0 3 0 16 19
0 0 0 0 0 0 0 0 6 10
0 15 7 0 0 3.4 0 0 6.8 0
58 67 0 40 16 0 16.6 9.5 19.4 35
0 0 0 16.9 0 0 0 4 4.4 0
0 12 0 0 19.2 0 25.5 0 0 5
43 4 23 0 6.5 0 0 0 0 21
0 13 0 11 0 4.2 18.2 0 23 0
3 7 0 0 7.4 0 0 14 2.2 42
0 5 10 0 15 5.4 0 2.8 38.8 0
0 7 52.3 0 18 34 0 0 5 0
16 49 21.8 51 20.5 11.9 22.6 42 18.8 72
22 0 0 0 0 0 13.6 2.2 20.8 58
0 23 29.6 0 0 0 6.6 0 2.6 3
0 0 0 0 35 37.4 2.8 0 4.6 6
0 0 66 16.9 9 10.2 0 1.2 4.8 8
0 0 0 0 0 0 0 0 5.4 14
0 0 0 0 1.5 0 0.8 0 6.6 0
0 6 0 0 0 0 10 0 1 0
0 28 0 0 14.5 0 15.8 0 6.4 50
0 0 0 0 18 0 0 6 0 0
32 0 37.4 0 0 3.8 15.5 14 75 12
2 4 13.4 0 0 0.6 0 3.8 30.2 65
3 37 9 41.8 8 0 8.2 20 16 8
5 5 4.2 1.4 3.4 0 0 0 7.2 9
0 22 0 0 1.5 0 0 8.2 0 0
0 0 0 0 3.5 0 0 0 0.6 0
0 0 0 0 0 0 0 0 0 0
0 0 0 0 33 0 0 0 0 0
7 0 0 0 0 0 0 0 0 0
0 0 0 0 0 11.2 0 14 0 0
18 0 0 0 0 0 0 6.4 23 56
0 24.5 0 0 51.5 0 0 2 38.5 39
0 0 0 0 0 0 2 0 4.8 12
0 2.5 0 0 0 0 0 4 5.2 0
0 2.5 0 2.2 0 11 0 0 0 0
0 0 0 0 0 0 0 0 0 0
0 0 0 0 0 0 0 0 0 0
2 0 1 0 4.5 0 0 0 3 15
0 0 3 0 56 2 6.2 0 16 9
0 3 0.2 0 27.5 0 0 0 1 0
0 0 0.9 0 0 9.6 0 0 1.2 6
0 0 0.1 0 5 0 0 0 5 46
6 0 0 0 2.5 0 0 0 4 35
2 0 1.1 5.4 4 0 0 0 1.8 20
5 0 1.1 21 9 0 0 19.2 25.6 70
16 9 15.5 30 18 0 4.6 0 34 15
0 14 0 0 29 0 19.6 0 59.4 30
0 6 0 2 2.5 0 1 0 9.6 0
5 0 13.3 0 8 0.2 0 0 8.4 9
0 0 0.8 0 9 0 0 0 0 4
0 0 42.9 29.5 0 1.8 4 9 1.2 34
0 0 1.3 0 16 18.8 1 33.6 3.4 2
0 14 0.5 12.8 0 0 0 35 7 0
60 32 9.3 0 20 10 46.1 10 5.6 27
31 16 22 0 0 11 0 0 50 14
0 15.5 0.9 2 12.5 0 10.3 0 12.5 6
11 0 25.8 3.5 26 7 0 6.2 0 22
0 0 0.1 0 2 46 0 0 9.5 8
0 0 45.5 0 0 0 0 0 0 5
36 36 0.8 0 0 25.2 9.4 0 3 3
0 32 10.5 0 0 0 0 0 25 6
0 0 5 0 0 0 0 0 4 7
0 9 8 0 11 7.8 5 0 0 0
0 0 22 0 0 10 0 0 3.6 34
0 0 19 2.8 5.5 16 0 9.4 0 10
0 4 0 5.5 4 0 0 0 0 0
0 15 0 0 12 0 2.9 3 10.6 0
0 0 0 0 0 0 0 0 0 0
0 0 0 0 0 0 0 0 0 0
0 4 0 0 67 0 0 0 0 9
1 3 74 0 1 0 18.4 18.2 0 12
0 2 0 0 0 0 0 0 0 0
0 0 0 0 0 0 0 0 0 0
0 0 0 0 8.2 0 0 17 0 0
6 0 0 0 0 0 0 13 0 0
0 0 14.5 3.8 1.5 0 0 0 0.5 0
8.5 0 18 0 0 0 0 10 0 0
10 20 5 0 13.4 9.2 14.2 7 5 13
17 2.7 7.4 12.8 0 18.4 0 6 0 0
0 0 0 0 0 0 0 0 10.8 16
0 0 0 0 0 0 0 8 10 0
0 0 10.6 0 0 14.4 0 0 13.5 20
6.5 24 52.6 5 2.5 0 12.6 17 1 0
0 5 1.5 0 0.5 0 0 0 0 0
37 19 22 7 0 0 4.6 13 0 21
3.5 0 0 0 0 0 2.6 0 6.8 0
0 0 0 0 6.5 0 0 5.4 0 0
19 0 40.2 0 63.5 14.2 0 3 24.8 53
0 8 9 60.2 72 6.8 109 0 66 78
0 0 0 0 0 0 0 0 0 0
11 8.5 30.5 0 26.2 22 16.8 13.5 1.5 29
0 9 0 11 34 6.8 13.2 0 17.8 30
0 5 0 0 38.5 0 1.2 0 8 21
0 3 0 9.8 2.2 0 5.3 2 0 0
0 0 0.7 0 6 0 0 2 16 4
0 48 7.5 0 3 0 1.7 7 8.5 16
3 0 0 0 8 13 0 0 2.8 45
0 15 0 0 0 0 0 0 29.5 0
0.5 0 23.8 0 19.8 13 0 0 1.5 11
51 13 11.6 15.2 17.5 0 32.2 115.5 4.8 28
24 21 20.2 38 6 33 15.4 14 42 85
57 59 0.1 0 0 1 32 9 4 31
14.5 18 0 62 1.4 0 5 40 25 37
0 10 25.3 13.6 17 40 30.5 2 26 28
45 10.7 30.5 17 0 20.4 0 5 5.6 7
0 0 0 0 28 2.5 1.2 0 0 9
13 2 0 0 0 0 17.2 4 2.9 0
27 4 6.1 0 0 0 3.6 9 11.4 17
21 18 10.5 0 6 0 11.2 13 16 21
2 34 19.2 14 10 2.8 6 39 6.4 4
0 0 4.5 37 16.4 0 0 28.2 12 29
17.5 0 0 0 0 0 33.2 4.5 0 4
0 46 0 0 31 0 0 0 4.4 0
0 38 25.2 29 16 0 11.6 0 10 14
0 0 0 3.4 2.5 0 0 0 5 14
0 0 0.2 0 137 0 0 8.9 3.5 45
0 0 0 0 0 0 0 0 0 37
0 0 0 0 8.5 0 0 8.5 15 0
0 0 0 0 0 7.2 0 0 1.4 3
0 41 0 0 7 0 9.3 44 0 0
0 6 0 0 5 0 1.5 4 3 0
8 5 0 6.8 3.6 0 0 15 9.5 15
0 0 0 6 77.5 0 0 29.5 6 0
9 0 0 0 0 0 6.6 4 5.8 0
0.5 0 8 12.4 33.5 1 0 39.5 4.5 5
0 4 16 0 1 4.2 4.6 0 2 0
0 9.5 0 0 0 2 5.6 0 20.4 4
0 6 0 0 0 0 21.8 0 2 16
0 0 15.4 0 0 0 6 23 14 18
0 0 14 0 0 0 0 0 5.5 3
0 3.5 60 0 0 2.2 9.4 0 0 0
0 0 6 0 0 1.6 0 0 0 0
0 4 0 0 0 0 0 0 0 0
0 0 0 0 0 0 0 0 0 0
0 0 0 0 0 0 0 0 0 0
0 0 0 0 0 0 0 0 0 0
0 0 0 0 0 0 0 0 0 9
15 3 14 0 0 0 0 0 34 2
3 0 2 0 0 0 0 0 3.6 2
0 0 0 0 0 0 0 0 0 0
0 0 23 0 0 0 0 0 0 0
0 0 0 0 0 0 0 0 0 0
0 0 0 0 0 0 0 0 0 0
35 41 73.5 0 68 6 15.6 0 6.8 0
0 4 8.5 58 50 1.4 22.4 0 19.4 70
0 0 0 0 0 0 0 0 0 0
0 0 0 0 0 0 0 0 0 0
14 0 13 67 0 6.2 0 0 8.6 8
0 5 0 0 0 0 13.2 0 9.8 0
11 0 45 0 3 0 4.4 0 11 4
4 25 10 16 8.5 4 1 0 23.8 50
0 12 0 0 0 0 0 17.2 2.6 2
0 11 6 0 0 0 5.6 5.2 1.4 3
0 2 0.7 0 5.5 51 0 0 1.8 21
0 41 0 0 1.5 0 0 0 15.2 27
14 12.5 25.5 0 1.5 0 0 0 23 8
0 16 3.5 0 2.5 8.2 0 12 2.2 1
0 0 0 0 75 0.4 7 2 12.4 12
0 13 2.5 12.2 7.5 0 16.4 49 16.6 5
0 0 2.5 9 0 0 4.2 0 2.5 12
0 9.5 8.2 14 11 1.4 8 2 1.5 13
0 0 4.5 4 12 0 0 0 10.4 8
0 4 0 0 0 0 0 4 0 0
0 4.5 0 0 12.5 0 13 5 3 14
0 0 1.5 10.2 99.5 3 0 0 6 2
21 9 0 19 0 5.6 19.2 0 16.6 3
0 10 0 16 22.5 2.2 10.6 19 105 78
6 11 0 0 0 0.5 37 0 11.2 38
0 0 7.8 0 0 0 0 10 0.4 3
12 7 0 0 0 0 23 0 0 31
0 42 7 0 0 0 26.4 8 27 19
0 5 0 0 15 4 5 0 1 12
0 12 3 0 46 0 1 13.4 26 26
0 19 0 0 0 0 6.2 0 27 32
0 0 0 91.4 25 0 81.4 17.5 7.4 74
0 0 26 0 0 0 0 0 0 0
0 3 6.8 0 4.5 0 0 0 0 27
0 23 2.5 0 15.5 0 5 0 34.5 16
0 8 0 0 0 0 25.8 0 34.4 8
0 0 6.3 0 6 0 2 0 1.2 13
6 23 32 18 32.5 8 31 11 0.8 18
37 45 29 3 19.5 0 72.5 50 41.5 72
0 2 0 0 0 9.2 7 2 4.2 22
2 0 36 0 0.5 0 0 0 1.2 51
0 10.8 7.5 0 9 3 0 0 7 2
13 9.6 24.8 0 15 0 29 19 6.4 0
5 17 5.5 4.2 5.2 4 8.8 0 42.2 9
5.5 6 0 18 35.4 0 1.8 14 25.3 21
0 0 0 0 15 0 0 0 24.8 26
10 0 0 0 25 0 31.6 0 0 0
20 2 4.5 0 0 0 0 27 32 61
0 0 2 31 20 0 24.4 48 68 25
4.5 12 4 0 0 0 0 0 0 0
0 9 19.6 0 13 3.4 2.2 0 0.4 5
19 7.4 12.3 0 0 0 5.6 0 20.4 28
8 0 2.2 0 7.8 17.6 0 25 7.2 12
0 0 0 0 3.8 0 0 0 0 0
12 0 0 0 42 0 0 0 7.2 0
0 13.5 0 0 0 0 0 45 5.6 33
45.5 20.6 28 21.8 3.5 30 15.6 1 16 71
0 0 0 0 5.6 0 1 7 2.8 3
0 2 0 0 0 0 0 0 0 0
22 0 1.5 0 15.5 8.8 0 0 0 17
13.5 0 0 0 8 41.6 0 0 2 19
9.5 22 6.8 0 6 0 11.6 65 3.6 1
0 12 0 4 65 0 2 57 16 22
0 0 0 0 0 0 4.5 19 4.2 64
0 7 0 0 13.2 0 26.4 2 3.2 4
39 22.5 0 0 0 0 30 63 23.8 10
0 0 70 10 76 9.2 25.5 8 10 3
0 18 0 4.8 0 2.8 5 10 0 9
14 19 0 14 53.5 0 16.4 20.5 21.6 5
0 16 0 0 38.2 0 27.4 15 5.8 20
0 43 0 12 5 0 17.6 0 0 0
19 20 43 15 14 40 0 6 9.4 38
0 0 0 0 0 0 0 0 0 0
0 0 20 2 0 3 0 0 1.2 0
0 0 87 0 0 30 0 0 11 0
0 0 15.5 0 0 2 0 0 0 0
0 0 0 0 0 0 0 0 0.8 0
0 0 0 0 0 0 0 0 0 0
0 0 5 0 0 35.8 0 0 0 0
14 0 0 16 0 0 0 0 13.2 7
21 19 8 15 1.5 0 7.6 0 0 10
30 0 9.8 29.2 0 0 0 0 52.2 47
21 4.6 5 0 0 0 0 0 12 7
17 0 0 0 0 5 0 0 15.8 8
7 0 2.5 0 0 0 0 0 0 0
0 0 0 0 13 0 0 0 0 0
0 4 5 0 0 0 4 0 5.8 14
0 0 0 0 0 0 0 0 0.8 0
0 0 0 0 0 0 0 0 0 0
0 3.5 0 0 0 0.8 0 0 0 0
0 0 0 0 0 0 1.8 0 13.6 3
0 2.5 0 0 0.5 0 1.3 0 6.2 21
0 7 0 1 6 0 0 0 0 0
0 0 0 10 0 0 0 0 0 0
0 0 0 12.5 0 0 0.5 0 0 0
0 0 4 0 1 0 0 0 0 0
0 0 0 0 0 0 2 0 0 0
0 0 0 0 0 0 9.6 0 0 0
0 0 0 0 0 0 0 0 0 0
0 0 0 0 0 0 0 0 0 0
0 0 0 0 0 0 0 0 4.2 11
0 0 0 0 0 0 0 0 150.2 65
0 0 0 0 8.4 0 0 0 0 0
0 17 6.5 0 2.5 3.8 9.2 6.8 18.4 13
12 0 0 0 0 0 0 26.2 50 0
0 0 0 16 9.5 0 0 0 0 5
0 0 0 0 0 0 0 0 0 0
0 0 0 0 27 0 0 0 0 0
0 0 0 0 0 0 0 0 0 0
30 0 8 0 1.5 30 0 0 0 2
0 0 2.1 0 0 2.2 0 0 0.2 0
7 0 2 0 0 0 0 0 0 0
0 0 0 0 0 0 0 0 0 0
24 0 3 0 0 0 0 0 9.6 0
0 0 0 0 0 5 3.9 0 3.4 13
0 0 0 0 0 6.2 0 0 0 0
0 0 0 0 0 0 0 0 0 0
0 0 0 0 0 0 0 14.4 0 14
0 0 0 0 0 0 0 0 0 0
0 0 14 0 0 31.6 4.9 0 10 0
0 0 5 0 0 33.6 0 0 0 0
15 0 70 0 116 8.8 2 0 38 12
10 33 10 31 96 38.2 2.1 125 6.2 6
0 4 21 8.4 0.5 16.6 1.9 30 30 71
25 2 43 25.6 91.5 57 11 60 21 50
41 5 131 16 0 3 6.3 0 6.4 0
17 6 9.8 0 12 40.2 1.9 14 34.6 31
17 11.5 0 0 51.5 30 42 4 12.8 69
0 23 0 10.6 0.5 8 36 0 3.2 0
20 11 0 0 0 7.3 0 0 16 73
0 0 10 0 0 0 0 0 0 0
10 0 0 0 0 15 0 0 2.6 14
100 31 0 16 0 60.4 19 14 6.4 3
10 11 0 55.8 31.5 0 3 80 9.8 8
10 8 0 37 20 0 16 0 0 0
0 0 0 0 0.5 0 0 0 68.4 19
0 0 0 0 0 0 0 2 6.2 0
13 0 0 0 0 0 0 0 6.2 15
0 4 0.5 13.8 69 0 0 5 2.8 6
0 0 0 0 2.2 0 0 0 0 0
6 0 0 2.5 18 0 0 0 6 0
0 6 0 0 0 0 1 3 20.4 0
0 0 0 0 10 0 0 0 0 0
0 7 0 0 24 0 18.2 0 1.6 26
35 10 0 12 14.5 0.6 0 11 0 14
20 0 33 17 41.2 70.8 0 17 61.4 0
0 0 22 0 0 2 0 0 3.8 0
0 0 0 0 0.8 0 0 2 0 0
0 0 0 3.5 0 0 0 0 1.8 3
7 0 0 0 0.5 0 11 0 16.4 7
12 7 0 0 0 0 0 0 0 0
0 0 0 0 6 0 0 0 6 0
0 0 0 0 0 0 0 0 0 0
4 2.4 0 0 0 0 0 0 0.1 0
0 7.6 0 0 31.5 5.2 0 0 11.8 2
4 24 0.5 27.4 0 14.8 2 0 5.6 36
0 0 0 7.5 0 3.4 0 0 0 0
0 24.3 12.2 5 0 0 10.2 0 19.8 28
0 0 0 0 0.4 0 0 15 10.4 2
0 8 4.4 0 1 0 0 0 8.9 18
0 0 0 7 4.5 0 0 2 4.6 0
0 6.4 0 0 1.5 0 0 8 0 10
0 0 0 0 0 19.4 0 0 2 0
0 36.6 2 7.5 28 1.6 4 11 17.6 19
8.2 7.6 0 6.8 2.5 0 0 0 9.4 4
0 3 0 0 15 0 10 0 0 21
0 0.8 0 0 0 0 0 0 0 0
0 0 0 0 0 0 0 0 0 0
0 0 0 0 0 0 0 0 0 0
0 0 0 0 0 0 0 0 0 0
0 0 0 0 0 0 0 0 0.4 0
0 0 0 0 0 0 0 0 0 0
0 0 0 0 0 0 0 0 0 0
0 0 0 0 0 0 0 0 0 0
0 0 0 0 0 0 0 0 0 0
0 3.8 62 0 0 10.8 0 0 0 0
0 0 3 0 0 0.4 0 0 0 0
0 0 0 0 0 0 0 0 0 0
0 0 0 0 0.5 0 0 0 0.1 0
0 3.4 51 0 1.5 24.4 8 0 11.8 0
0 25 7 0 39 8.6 15.2 0 23.4 4
0 13 0 0 0 1.4 0 0 0 0
0 0 0 0 0 0 0 0 0 0
0 0 0 0 0 0 0 0 0 0
0 0 0 0 0 0 0 0 0 0
0 0 0 0 0 0 0 0 0 0
0 0 50.5 0 0 0 0 0 0 5.5
0 0 3.5 0 0 0 0 0 0 0
0 0 0 0 0 0 0 0 0.2 0
0 3.2 0 10.8 2 0 0 0 0 4
9 0 0 0 39.5 0 0 0 0.8 8
0 0 0 0 2.6 0 0 0 0 0
0 2.8 0 1 19.5 0 0 0 7.8 15
0 0 1 0 0 0 0 0 0 0
0 2 0 0 0 0 0 0 12.2 0
6 0 0 0 0 0 0 0 2.4 18
0 0 0 0 0 0 0 0 0 0
0 0 0 0 0 0 0 0 0 0
0 0 0 0 0 0 0 0 0 0
4.2 2.4 17 1 0 52.6 38.2 0 5.6 15
16.3 0 0 0 7 0 0 0 11 23
0 3.4 0 0 8.5 0 3 14.8 3.8 22
0 11.8 0 13 0 0 0 2.5 8.6 1
0 0 0 0 2 3.2 0 0 0 0
0 0 0 0 1 0 0 0 0 0
0 0 21.8 0 0 0 3.8 0 0 7
0 6.6 7 1 1.2 14.8 0 1 1.6 33
5.5 4.4 8.2 20.2 23.5 2.4 0 22.8 2.6 21
93 6.2 0 0 38 0 0 2 0.4 11
0 0 4 7 0 11.2 0 34 20.4 12
4 4 6.2 28.6 10.2 11.6 0 16 11.2 17
0 24 14.2 0 4.5 2 0 2 4 11
3 9 2.8 37.5 18 0 0 21 12.4 12
0 8.8 0 0 39 2 16 5.4 35.2 7
63 5.8 0 0 2.2 19.2 0 4 0 28
0 0 0 0 12.4 4.2 0 11 4.4 44
0 0 0 0 1.5 0 0 0 0 0
0 32 0 0 3 0 0 0 13.8 9
17 14 0 9 0 0 0 17 0 14
0 0 0 0 0 0 0 0 12.8 0
0 0 0 0 2.6 0 0 0 0 0
0 1.4 55.1 0 20.5 6 0 0 0 2
0 24.4 0 0 6 0 13 6 0 0
22 9.2 21.6 14 0 2 0 15 25 15
24 0 0 3.5 0 0 0 9 4.8 17
1 0 0 0 0 0 0 4 0 4
0 0 0 0 0 0 0 0 0 0
0 0 0 0 0 0 0 0 0 0
1 6.4 8.3 0 0 1 0 0 0 0
0 11 0 9 6 3.2 0 0 2 7
0 0 0 0 0 0 0 0 0 0
0 0 0 0 2 0 0 0 0 0
0 3 0 0 0 0 0 0 0 3
0 4 41 0 7 2.5 0 0 3.2 0
4.1 4.4 0 0 2 0 0 0 0 0
0 2.4 0 0 1.2 0 0 0 19 7
0 0 30.8 0 5 0 0 0 0 6.5
0 0 0 1.5 0 0 0 0 6 25
0 0 0 4.5 0 0 0 0 7.6 0
0 0 0 0 15 0 0 0 0 0
0 0 0 0 1 0 0 0 0 0
0 0 0 0 0 0 0 0 0 0
0 0 0 0 0 0 0 0 0 0
0 0 0 0 0 0 0 0 0 0
0 0 0 2 0 0 0 0 0 0
0 0 0 15 0 0 0 0 10 2
0 0 0 0 0.5 0 0 0 0 4
0 33 0 0 0 0 0 0 12 27
3.3 0 0 0 5 0 0 0 30 12
0 5.8 0 0 4.6 0 0 0 1 6
0 3 0 0 11 0 0 0 0 3
0 0 0 0 0 0 0 0 0 0
0 0 0 0 0 0 0 0 0 0
0 0 0 0 0 0 0 0 0 2
0 0 0 0 0 0 0 0 6 4.5
0 6 1.5 0 46 0 0 0 0 10
0 0 4 0 23 0 0 0 45 35.5
0 0 0 0 0 0 0 7 1 35
0 0 0 0 0 0 0 0 0 0
0 0 1.5 0 0 0 0 0 2 0
0 0 0 10.6 0 0 0 9 0 12
0 0 0 0 1 0 0 0 2 2
0 0 0 0 0 2.2 0 0 0 0
0 0 0 0 77.2 0 0 0 0 10
4 0 0 43 7.8 7.8 0 36 0 0
0 0 0 0 8 0 0 0 0 0
0 0 0 0 0 0 0 0 0 0
0 0 0 0 0 7 0 0 0 0
0 4.6 7.5 0 0 0 0 0 0 0
18 2.8 6.5 0 31 2 0 29 12 22
8.2 0 6.5 0 0 0.2 0 0 4 0
0 0 62 0 0 30 0 0 0 0
0 0 0 0 0 0 0 0 0 0
15 8.8 0 6 19.5 0 5.6 49 16 18
29 7 0 6 3.5 6.4 9 12 28 13
0 0 0 8 19.6 1 14.8 13 10 6
0 0 0 0 16 0 0 0 0 0
0 0 0 0 47.5 0 0 0 10 26
0 0 1.5 2.4 16.2 1.8 2.6 0 10 14
0 25 0 0 8 0 0 0 8 62
0 6.2 0 0 1 0 7 0 20 0
1 6 0 0 17 0 17 22 10 28
0 0 3.5 12 13 0 0 0 8 29
10 5.2 54 0 42 9.2 3.6 0 0 26
6.3 6.2 0 3 0 0 0 0 0 24
4 9.8 29 0 12.4 0 0 0 0 18
1 0 0 0 0 18.2 0 0 0 0
0 2.2 16 0 4.5 1 0 0 0 6
16 0 1 26 1 3.4 0 0 26 0
0 0 0 0 0 0 0 0 0 0
0 0 0 0 0 2.2 0 0 0 0
1.9 2.2 16.5 0 15 0 2.6 7 6 0
14 0 31 4.8 17 3.6 7.2 50 0 26
4.1 0 17 0 10 7.6 0 0 21 46
0 6.6 0 97.5 23 5.4 0 7 7 8
10.3 2.6 0 10 12 0 33 6 8.2 8
25.5 1.6 0 14.5 16 0 0 0 15.6 38
3.2 37 39 0 6.5 4.6 0 0 6 11
22.5 35.6 17.5 31 31.5 0 17.8 23 15 15
37.9 0 12 7 18 17.6 0 0 59 28
0 5 0 0 33 0 0 0 1.8 0
0 2.2 0 0 0 19.2 5.8 0 0 0
5 29.6 0 0 85 0 17.9 0 2.6 24
0 1.6 0 0 3.2 0 0 12 2 4
4 5.8 0 0 8 0 35.2 14 20.6 11
0 17.2 13.6 6.5 19.6 0 0 0 2.4 4
12 1.6 55 0 4 34.4 0 2 7.9 43
50 1 32 0 3 0 0 0 30.8 24
0 0 0 0 1.5 0 5.8 0 0 0
2 20 0 0 5 0 0 0 0 0
0.2 0 0 0 1.2 0 0 0 0 0
0 0 0 0 30 0 0 0 0 0
0 0 0 0 0 0 0 0 0 0
0 0 3.5 0 5 0 0 0 0 13
0 0 0 0 1 0 0 0 0 14
2 2.8 0 0 7.5 0 0 30 8 18
0.2 22.6 0 0 0 0 10.2 41.2 30 22
0 0 15 0 5.3 21.6 0 0 3 0
0 0 0 0 8 0 0 0 0 0
0 0 0 0 2.8 0 0 0 0 0
0 0 0 0 19.4 0 0 0 0 22
0 0 0 0 48.5 0 0 0 0 0
9.5 4.8 11 0 3.4 23.4 0 0 0 0
30 29.2 51 10 5 12.4 3.4 7.5 3 11
1 12.8 2.5 4 1.8 4.2 1 0 18 12
0.5 4.6 3.5 0 1 0.2 0 0 7 5
0 6.2 0 0 3.8 3.6 0 0 4 15
0 0 0 0 2 0 0 0 0 0
0 0 0 0 0 0 0 0 0 0
30 2.8 9.5 0 0 0 0 0 3 0
0 1 0 0 3.5 2 0 0 1.8 4
0 7.2 0 8.6 18.2 0 0 0 0 0
0 0 0 0 8.5 1.8 0 0 3 27
0.6 0 32 0 3.5 2 0 0 0 0
0 11.2 0 6 37.6 0 0 3.2 0 0
0 2.6 0 0 8 0 0 6 0 15
4 6.8 0 1 10 4 0 20 13.9 12
6 9.6 0 0 3 0 4.8 2.7 8 0
3 1.4 0 0 18 0 9 0 0 5
4 7.4 0 9.2 17 0 0 0 6 20
2 9.6 0 0 14 0 0 0 4 0
4 9.4 10.5 17.4 6 5 3.2 0 2.3 35
0 0 0 0 7.5 0 0 0 0 0
0 0 0 0 32 0 0 0 0 0
0 0 0 0 16.2 11.6 0 0 7.8 19
0 0 0 0 0 0 0 0 0 15
0 0 0 0 0 0 0 0 0 0
0 0 0 0 0 0 0 0 0 0
0 0 0 0 12 0 0 29 0 11
0 0 6.2 0 34.5 0 0 0 0 44
32 0 4.2 13.5 17 16 0 16 29.2 42
3 12.6 19.7 21 23.2 0 44.2 0 0 20
0 1.2 12 0 0 0 0 4.5 0 28
0 6 0 0 0 0 0 0 44 12
0 0 0 0 0 0 0 0 0 0
0 7.4 35.5 0 0 3.2 0 47.2 16 0
33 0 32.2 14 1 84 0 36 22 4
12 0 10.5 2 7.5 15.4 0 21 72.3 12
4 2 19.4 18 23 4.4 6.9 22 8.2 16
3 4.2 7.3 1.5 13.8 6.5 5 0 38.6 6
23 4.6 15.5 0 0 21 33 21 42.3 6
16 0 0 0 0 0 2 14 39 3
40 2.8 0 22.5 11.2 4.4 0 7 15.2 15
0 0 7.5 22 0 0 0 12 0 0
22 15.4 30 3 0 22.3 3.2 3 0 18
0 18.6 5 2 26.5 6.2 17.8 37 0 0
8 17.8 4.5 21 17 9.8 0 11 34 43
0 17.8 0 0 0 0 0 0 0 7
11 30 25.4 0 20.5 0 3.6 0 0 40
53 1.2 20 3 0 1.8 5.2 0 14.4 4
12.5 1.8 3 0 0 5 0 0 0 27
6 6.8 0 0 0 0 13 0 0 25
0 0.8 0 0 24 0 1.2 0 6 0
0 4.8 5.5 5 0 32.8 1.3 13 11 35
33 13 4.2 0 12 0 0 0 8 12
0 3 0 0 0 1.6 12.9 0 0 0
0 0 0 0 0 3.4 0 0 0 0
0 0 0 0 0 0 0 0 0 0
0 3 4.5 0 0 0 0 0 0 0
0 32.2 0 3 38.4 3 6 0 10 40
6 16 3.5 3.5 1.8 0 0.9 0 14 9
6 6 0 34.5 0 0 0 5 6.5 12
0 10.6 0 0 0 0 0 0 0 0
0 0 0 0 6.8 0 0 0 38 0
8 0 6.7 3 0 15 0 40 0 44
10 4 8.3 0 0 3.5 25 0 3 19
0 3 13 0 0 0 0 0 3 0
5 0 1.5 0 0 3 0 0 0 7
0 0 0 0 0 0 0 0 0 0
0 68.6 0 24.5 0 0 7 15 0 0
3 3 0 0 25 0 4 0 2 7
12 0 0 1.5 2 0 0 0 0 0
14 0 0 0 19.4 0 0 3.5 0 35
0 12.4 0 0 0 0 0 0 7 0
7 1.8 0 11 7.8 0 1 0 4 20
4 3 0 0 0 0 0 3 2 7
10 3.6 0 0 0 0 5.8 0 2 0
54 11.2 7 12 7.5 4.6 3 0 8 29
0 1.6 17.3 0 49 1.6 14.8 0 18 35
6 24.6 0 10 19 0 24.2 5 19 11
19 1 0 0 4.8 0 0 13 15 22
0 13.4 7 0 9 27 2.2 24 51 36
0 6 14.1 0 0 0 14.8 2 4 0
0 13 12.8 0 29.5 15 8.6 0 20 0
0 14 2 10 32 1.4 0 0 8 25
0 0 0 0 0 0 0 0 0 0
0 0 0 0 0 0 0 0 2 0.4
0 0 0 0 0 0 0 0 0 0
0 0 3.3 2.5 0 4 0 0 6 0
6 16 0 0 0 0 1.2 27 18 33
0 0 0 22 0 0 10.4 0 0 0
12 1.5 27 3 12 13.8 0 10 0 14
6 22.6 23.5 18.5 0 21.4 3.8 6 10 0
30 0 0 0 7 0 0 10 1 0
46 9.6 9.5 0 6 2 9.8 3 0 0
49 64.2 7.3 15 123 22.5 7.6 25 35 140
0 0 5 0 0 0 0 7 23 70
0 67 0 63 0 0 3.4 12 68 38
15 0 72 0 9 0 4.8 14 41 50
30 20.4 20.5 0 0 11.2 2.9 3 5 6
10 6 14.3 0 0 2.4 0 16 3 0
0 12 0 18 0 1.8 0 22 6 22
0 14.6 6 2.2 18 0 14.8 0 39 0
0 16 0 0 0 0 0 7 9 0
0 0 0 0 0 6.2 0 0 0 0
0 22 0 2.5 42 0 16 1 30 30
0 9.6 0 0 17.8 0 7.4 0 5 15
0 28 0 12 10 0 11.2 20 6 6
0 0.6 0 0 3 0 8.8 0 8 0
0 0 0 0 0 0 2.8 0 0 0
0 9.6 0 0 10 0 5 0 13 50
0 16 0 0 12 0 21.2 0 2 8
0 9.8 0 6.9 4 1.2 0 3 16 15
0 0 0 0 1 0 3 0 5 0
0 0 33.5 0 0 22 0 39 5 4
0 2 19.3 0 0 8.2 0 0 11 4
0 0 67 0 0 1.2 0 3 15 0
0 0 0 0 0 0 0 0 0 0
0 0 0 0 0 0 0 0 0 0
0 0 0 0 0 0 0 0 0 0
0 1 15.8 0 14 0 0 0 20 15
0 36 0 3 0 0 0 3.5 10 7
0 0 0 0 0 0 0 0 2 0
0 6.4 5.5 0 5.4 0 0 0 1 0
0 0 7.3 17.6 0 0 0 12.5 9 8
18 0 3 22 7 0 0 41 13 18
0 0 0 0 0 0 0 0 0 0
0 0 0 0 1.2 0 0 0 0 0
0 0 0 0 0 0 0 0 0 9
0 0 0 0 0 0 0 0 3.5 20
0 2 0 0 31.6 4.8 0 0 5 7
0 0 0 0 0 0 3.4 0 8 5
0 0 2.6 0 0 14.8 0 10 7 4
0 0 2.3 0 13 0 0 0 0 0
0 0 0 0 0 0 0 0 0 0
0 6.2 0 0 0 0 0 0 2 27
0 0 0 0 28.3 0 0 18 12 0
0 0 0 0 50.2 0 0 11 43 51
0 0 0 36 0 0 0 0 0 0
0 0 0 0 0 0 0 0 0 0
55 10 4.3 11 22 22.2 0 22 0 0
10 0 41 6.5 7.2 12.2 0 30 0 0
0 0 15 0 0 0 0 0 0 0
0 0 0 0 0 0 0 0 0 0
0 0 0 0 0 0 0 0 0 0
0 0 0 0 0 0 0 0 3 0
0 0 0 0 8.6 0 0 0 0 0
0 0 0 0 0 0 0 0 0 0
12 9.8 11.2 39 0 0 6 10 10 0
0 16.2 3 0 0 0 25.4 0 10 13
23 18.2 0 0 0 0 30.6 0 13 16
14 4.2 11.5 2.5 30.8 0 6.4 22 8 47
0 0 38.3 2 28 0 15.9 5 8 47
8 9 14.5 40 1.8 16 0 17 25 28
0 24.2 40 4 21.5 12.2 9 1.5 13 35
4 1.8 7.5 0 0 0 6 10 10 22
0 0 0 0 8 0.8 0 0 0 0
0 0 0 0 0 0 0 0 0 0
0 0 23 0 2.5 5.6 0 0 3 0
0 0 0 0 0 0.6 0 0 0 4
0 0 0 0 0 0 0 0 0 0
15 1.8 0 4.5 0 0 9.6 0 0 10
0 0 0 0 26.5 0 0 0 0 10
0 1.2 0 0 0 0 0 0 0 2
0 0 0 0 0 0 0 0 4 8
11 0 3 7.8 22.3 3.8 0 9 25 15
0 1.6 0 0 1 0 0 0 2 0
0 26 0 0 12.5 0 0 0 0 0
5 10.2 23.3 0 11 0 4.6 0 0 0
6 7 5.5 21.5 2.2 12 0 0 81 8
0 0 25.5 0 0 0 0 0 6 11
0 17.8 0 0 0 0 13.6 0 0 62
0 15.8 0 0 15.3 2.4 0 3 0 7
0 16.2 18.8 8 48.2 2 5 5 11 33
0 4.8 0 8.5 2.5 0 21 17 10 8
0 24.2 0 0 3.5 0 0 0 45 53
0 0 0 0 15 0 0 0 3 17
5 3.8 0 0 13 0 0 0 3 0
0 0 0 0 0 0 0 0 0 5
0 0 0 2.5 10 0 0 0 2 6
8 1 0 0 1 0 0 12 6.6 13
10 78.6 0 9.5 46 0 51 17 71 80
0 0 0 0 0 0 0 0 11 5
0 2.8 0 0 0 0 34 0 15 38
10 10 0 0 16.5 0 14.6 0 2 10
0 4 0 7.6 9 0 33 7 0 0
7 2.2 0 0 0 20.8 0 0 0 6
0 9.8 7 4.5 0 0 2 0 8 7
7 16.2 12.5 0 0 14 8.6 1.5 18 17
0 44 0 7 57.3 9 0 5 35 125
0 0 0 12.5 13.8 0 3.6 0 3 8
0 11 5.5 21 26 0 11.2 0 19 5
0 3 0 0 18 0 0 0 7 34
0 0 0 0 12 0 0 0 0 0
0 0 0 0 0 0 0 0 0 0
0 8 0 0 4.2 0 4 0 0 0
0 0 0 0 0 0 0 0 0 7
0 0 0 0 3.5 0 0 0 0 0
52 40 0 52 0 0 6.2 0 15 23
0 8 0 0 0 0 12.4 17 11 38
3 5 0 0 0 0 0 0 2 6
0 0 0 0 7.2 0 0 0 0 17
0 3.4 0 0 28 3.5 0 15.2 0 0
0 0 0 0 0 0 0 0 0 0
0 0 0 0 0 0 0 0 6 6
0 0 6.2 0 0 0 0 0 0 11
0 3.6 3.8 0 0 0 4 5.8 0 0
0 0 0 0 0 5.6 0 0 0 0
0 0 4.3 0 0 1.2 0 0 6 3
0 0 0 0 4.2 0 0 0 0 0
0 0 0 0 0 0 0 0 0 0
0 10 40.5 4.5 0 0 0 0 0 0
0 0 0 0 0 0 0 0 0 28
32 12 0 11 0 0 0 0 0 0
53 4.8 15 0 33 0 0 24.2 0 0
0 20.2 0 0 0 0 14.6 0 0 20
15 4.8 0 26 0 0 0 0 0 0
0 0 0 0 0 0 0 0 9 0
0 2.4 2.5 0 0 0 0 0 0 0
0 0 0 0 0 0 0 0 0 10
0 4 0 0 5.4 0 0 0 0 0
0 0 0 0 7.8 0 0 9.6 6 11
0 0 0 0 0 0 1 0 0 8
0 0 0 0 0 0 0 0 0 0
0 0 0 0 0 0 0 0 0 0
0 0 0 0 0 0 0 0 0 0
0 2 0 0 0 0 0 0 0 0
0 12 5.5 0 0 0 0 0 2 0
0 0 0 0 0 0 0 0 0 0
0 0 0 0 0 0 0 0 0 0
0 0 0 0 0 0 0 0 0 0
0 0 0 0 0 0 0 0 0 0
0 12 0 0 0 0 0 0 0 0
0 9 9.6 22 38.5 0 0 11 48 26
13 12 16.5 19 17.2 3 0 30 48 6
0 2 41.5 12 0 10 10.6 4 0 11
27 13.8 2.8 0 3 12.4 3 3 30 30
42 12.2 0 16 23.4 21 19.8 0 25 55
0 4 0 6.5 9.4 0 0 0 9 14
0 13 0 0 0 0 0 0 5 24
0 0 0 0 9 0 0 5 9 3
0 20.8 2 0 0 0 0 0 0 0
0 2.4 0 0 30 0 11.8 0 0 0
0 0 0 0 7.5 0 0 0 0 0
0 0 0 0 3 0 0 0 0 0
0 13 0 0 1 0 0 0 6 0
0 0 0 0 6 0 0 0 24 30
8 10 21 10.5 10 0 6.6 11 8 0
0 7.6 7 15.5 0 0 0 0 7 10
0 31 41.3 0 6.2 14 0 14 21 38
0 0 0 0 7.6 0 0 20 0 0
0 0 0 0 0 0 0 0 0 12
0 0 0 0 0 0 0 0 3 7
0 19.4 13.2 16 0 15.8 18.5 22 20 50
12 0 6.3 0 5 0 0 0 0 5
0 2 0 11.5 1 2.2 0 5 17 6
0 11.8 4.3 2.5 7 0 0 0 0 0
0 33 0 0 0 0 17.4 0 78 55
0 42 0 22 0 0 3.8 0 0 0
0 0 0 0 0 0 0 0 6 0
0 0 1.2 0 0 0 0 0 0 11
30 6 0 0 7.4 0 0 0 11 0
15 3.8 0 0 0 0 0 0 4 9
0 0 1 5 0 0 0 9 22 14
0 43.2 0 0 1 19.4 16.5 0 4 7
17 2.6 0 24.8 10.8 1.8 13 8 23 45
0 10 0 0 0 0 0 0 45 35
0 33 37 9 0 0 0 0 11 18
0 10.5 0 12.5 12 0 13 62 0 7
0 0 0 0 5.2 0 0 0 0 0
0 18.2 2.3 0 13.2 0 10.8 0 0 8
6 17.4 23.2 39 44.6 0 14.3 7 7 13
0 0 22.4 0 38 32 0 0 0 0
9 12 0 11 0 0 0 0 15 10
0 6 0 0 0 0 0 0 1 6
0 8 0 4 6 0 0 20 0 22
0 0 0 0 0 0 0 0 2 0
19 0 0 0 0 0 0 0 0 0
0 3 0 0 0 0 17.6 0 0 12
0 0 0 1 0 0 0 0 8 0
0 0 0 9 3 0 0 0 0 0
0 2 0 0 16 0 11.8 0 10 25
0 5 0 11 2.8 0 0 0 0 0
0 0 0 2 0 0 0 0 0 0
0 0 0 0 83.6 0 0 0 0 6
10 1.2 0 0 7.7 0 0 0 0 8
0 24 0 0 8.6 0 0 0 45 0
0 89 0 31 0 0 42.4 0 3 11
0 14 0 0 0 0 11.8 0 0 8
52 14 0 10.5 0 0 2.4 0 25 16
0 0 0 0 0 0 0 0 0 0
38 25.8 0 0 0 0 12.4 5 0 0
