0.527475416660309
0.54842221736908
0
0
5.33888912200928
0.788570582866669
0
0
0.419554144144058
0
0.0297007355839014
2.73781108856201
0.0155543331056833
0
0
10.8188714981079
24.9022541046143
0.0126157868653536
0
0
10.6537208557129
0.00576335052028298
1.06005501747131
1.536381483078
0
12.3071937561035
0.576150894165039
0.558369815349579
0
0.0892477110028267
4.58384799957275
0
0.225879266858101
16.282844543457
0
4.66910982131958
8.92334270477295
1.14633560180664
0
0
0.900563597679138
0.00833551120012999
5.83843851089478
1.06338667869568
0
0
0.0227235462516546
0
0.490848183631897
1.08011043071747
0.0747225880622864
0.0918989777565002
0
0.00124495872296393
0
0
0
37.2883720397949
3.262127161026
0
0
1.54370224475861
0.303827732801437
0
0
0
0
0.0692799538373947
0
0
0
0
9.56675338745117
2.76249766349792
0
0
0.376863211393356
4.23030471801758
0
0
0
2.12074065208435
0.912304639816284
0.11518145352602
0
0
10.2925548553467
0
0
1.86025547981262
2.74726009368896
6.06344127655029
1.01263689994812
0
0.283423483371735
0.0693121328949928
0.021708071231842
0.229824215173721
0
0.378118813037872
1.05523574352264
14.9082326889038
0.00303494604304433
0.385958760976791
0
3.00183272361755
0
0.00109962245915085
0.136545747518539
0
2.3186092376709
0
16.6678218841553
1.85804176330566
0.139909043908119
25.6435737609863
24.1539077758789
17.384464263916
4.57552099227905
0
0.23612168431282
1.1245584487915
12.1494255065918
0.871371269226074
12.8504400253296
0
0
0
0
0.0202168766409159
10.4097461700439
0
1.87857365608215
19.8253536224365
0
0
0
32.6912536621094
0
37.3196334838867
0
2.45537233352661
0.655712842941284
16.7006587982178
0
1.43107867240906
0.202474057674408
15.2832622528076
15.5186262130737
0.953993916511536
0
0.297269880771637
20.8607978820801
4.65421962738037
0
2.05927181243896
23.9358978271484
0.771769762039185
1.05053114891052
0
1.48797619342804
2.33138847351074
30.0440349578857
3.52278733253479
40.4489631652832
0.451382994651794
0
0
0
8.73069190979004
2.59765362739563
3.97460126876831
19.9472980499268
8.86937522888184
3.21196985244751
1.95266485214233
0
1.03414165973663
0.0389638245105743
1.23034930229187
0.0157634001225233
8.33235931396484
0
7.79743719100952
0.0159487072378397
0
2.94316601753235
0.284889668226242
6.94991302490234
19.048152923584
6.96715354919434
0.623309254646301
8.83729362487793
3.51966762542725
0
1.42453157901764
1.54871582984924
0.0191545002162457
0.0720007121562958
8.90171718597412
2.08135652542114
0
4.74234628677368
0
0
16.2905960083008
0.513059735298157
0
2.28331208229065
18.499231338501
1.13844919204712
0
1.31788778305054
6.74843454360962
7.0941424369812
3.29429078102112
0
1.63811588287354
0
0
0
0
0.254197388887405
2.85511898994446
0.160348564386368
0
0
0.467909336090088
0.0139932157471776
4.62092208862305
0.00628018565475941
0.126795724034309
0.00248523196205497
3.69663102901541e-05
0.277071237564087
0.0192114356905222
22.3628635406494
2.92997932434082
1.2642548084259
0
0.241147339344025
20.5004787445068
0.761031627655029
0.000259889347944409
0.728588998317719
1.82036066055298
0.0398069880902767
25.0833892822266
1.94535565376282
2.39253640174866
14.9144515991211
0
6.09027290344238
16.3387470245361
0.402574300765991
0.00317888986319304
0.414874494075775
2.33756732940674
1.76263737678528
0
0
0
14.0675802230835
11.7268285751343
0
0
3.80469584465027
3.27109932899475
0
3.54901933670044
1.00670504570007
0.0467766113579273
27.790979385376
5.5266900062561
0
0
2.77366828918457
0.332878798246384
0
0.00788896158337593
11.9823446273804
3.72704792022705
16.740234375
3.51482558250427
0
1.98766994476318
0
0
0
0
0
2.41127061843872
25.7120895385742
0
0
0
0.0675269812345505
8.76504611968994
0
0
0.116589777171612
3.14892721176147
0.382139444351196
5.16168880462646
15.5712556838989
1.75046873092651
8.65213394165039
0
0
15.2350444793701
0.19510281085968
0
0
0
0
0
0
0
0
0
0.109618589282036
14.156590461731
0
32.198657989502
2.01214122772217
28.9284896850586
0
8.56116485595703
0.0782308429479599
3.12465071678162
1.56105208396912
4.12127828598022
4.78968620300293
1.3363893032074
7.63109683990479
1.11585986614227
22.3139381408691
0
0
0
1.50792098045349
0.284415036439896
0
0
0
17.9378185272217
1.22640955448151
0
0
0.0266083031892776
26.2384281158447
0.535763800144196
0
0.0539370216429234
0
2.39360499382019
0
1.17999410629272
0
0
6.2231969833374
6.19974040985107
0
0
0
0.637090623378754
0.50288462638855
13.6534824371338
0.0153840081766248
0
12.8138408660889
5.47607660293579
12.0924415588379
7.33286046981812
0
0
0.673713862895966
5.77493619918823
4.72075796127319
0
14.2017068862915
0.00118333543650806
1.22756898403168
0.0426890328526497
0.340344607830048
0
6.08540201187134
2.77703237533569
10.5658664703369
3.60386824607849
0
9.46499156951904
2.01565623283386
5.59087800979614
0.382743358612061
0
0
0
0
18.4888134002686
17.3104248046875
1.95554089546204
0.0845064669847488
0
0.914658308029175
21.0016345977783
2.72627687454224
0.0205763038247824
0
0.576750159263611
0
18.9464569091797
7.46738147735596
0.333145707845688
1.03466558456421
1.99100613594055
4.52652215957642
7.67631483078003
0
0
0
0
0
1.37873136997223
0.538590788841248
0.0332649908959866
4.95213413238525
13.520899772644
1.01541113853455
2.06045985221863
0
10.87584400177
4.42927265167236
0.0949155539274216
0
0.0821231231093407
1.16554498672485
0.588873744010925
22.3661460876465
2.97803020477295
0
0.0266753230243921
0.0396353006362915
21.7209815979004
3.07258939743042
1.68783473968506
0.939401745796204
0.0568935424089432
4.48337936401367
17.606840133667
0.729189693927765
3.02337861061096
0
0.0121207498013973
2.31979727745056
2.53954553604126
0
0
5.32454824447632
0.0220196098089218
0
4.64112567901611
3.99319887161255
25.3912048339844
0
0.513099670410156
7.67963552474976
0.00933315884321928
0
27.7375679016113
0.503848612308502
0.0645966604351997
0.572378396987915
2.80681371688843
8.22737789154053
0.723289012908936
0
0.174072325229645
0.00296733970753849
1.41465473175049
34.6994018554688
0
0.0924850627779961
13.3136367797852
5.01931858062744
3.87490749359131
3.08426594734192
0
0
0
0
0.00797220040112734
6.70470952987671
0
0
1.37748873233795
0
0.00830497592687607
0
0.677600860595703
0.734890878200531
10.8884258270264
0
0.190488114953041
12.0062522888184
0.136815935373306
0
0
0.0167981069535017
0.677617490291595
2.73553419113159
0.495916604995728
0.176699608564377
0.234029293060303
6.13369607925415
13.8912353515625
0
0
0.11710237711668
0
0.0149252600967884
11.5621700286865
0
0
6.36076927185059
18.1995735168457
23.5068187713623
1.22802603244781
18.7780780792236
0.0489668846130371
0.031205665320158
2.46874618530273
0
9.99893760681152
45.477710723877
0.00821725931018591
0
0.00492698280140758
1.78148519992828
2.34283995628357
39.0397987365723
29.2861652374268
0.023726524785161
0
10.2091417312622
0.365202814340591
0.02965815551579
0
1.12553882598877
6.20939064025879
3.57054686546326
16.6014137268066
0
0
0.44686284661293
0.885817170143127
9.60649681091309
0
0
0
0.0400991924107075
23.3645477294922
1.06169366836548
3.55699586868286
0
0
0
0
1.08038687705994
1.3390679359436
0
0.258520156145096
23.7167911529541
0
18.1575832366943
0
0
0
41.3089065551758
22.2184600830078
60.9181213378906
24.44797706604
46.0838661193848
11.6385383605957
0.778745949268341
0.0019051720155403
0
8.82742500305176
0.203485786914825
0
6.80399942398071
1.14287996292114
1.63310325145721
2.06494140625
18.9817981719971
0.785094678401947
11.9120817184448
0
0
3.72543573379517
0.00283990707248449
0
0
0
10.7788772583008
8.46920299530029
5.6708025932312
0
0.00650476198643446
0.711216866970062
28.7597980499268
15.3618993759155
0.0509284064173698
0
0
0
0
0
2.99609684944153
8.72782611846924
1.78985285758972
0.257971912622452
21.086067199707
0
3.24910449981689
0.820416748523712
0.274238139390945
8.89850807189941
5.39476871490479
0.0234936140477657
0.186638817191124
0.881031394004822
0
0.967514872550964
0.0755380392074585
0.0172817632555962
0
4.93794918060303
4.58190107345581
1.121258020401
0
0
0
0.000345372798619792
9.08591175079346
8.96391296386719
0
0.102400057017803
1.56604087352753
18.2466888427734
0
0
0
0
0.010759892873466
4.10651063919067
12.630651473999
3.34768271446228
0
0.000164723605848849
0
0
29.7658576965332
1.32336294651031
0.539359331130981
0.524561166763306
3.17259621620178
0
0
1.02226126194
0.0746872872114182
0.0564223751425743
0.610299289226532
0
0.0364383161067963
7.4732608795166
0
0
0
2.5223445892334
5.60233020782471
0
0.0854071229696274
0
0.105523973703384
0
0
0
2.21173238754272
0.0961601734161377
0
0
0
0
0
0
0
0.088662676513195
8.74559593200684
1.55495870113373
0.459639608860016
0.00508643686771393
0.153283402323723
1.90237140655518
0
1.01809620857239
5.789475440979
6.60390043258667
0
0.115610688924789
4.31095027923584
11.9662055969238
20.005521774292
0.000181237555807456
0.0428098514676094
5.72081708908081
3.82473850250244
10.3602523803711
4.81897592544556
16.2914543151855
10.9826097488403
0.000100647317594849
0.686684787273407
6.73678874969482
1.24321901798248
17.606616973877
12.4347372055054
0.472945541143417
0
0
8.23770236968994
28.5292072296143
0
0
0
0
3.85681629180908
0
0.0363845489919186
0.791805684566498
12.0644702911377
7.64587116241455
0
2.43967533111572
0.141925290226936
17.1458415985107
12.3772125244141
0.0641152039170265
0
9.10423851013184
5.55700349807739
0
0.0294398292899132
0
0
1.19675827026367
1.8554984331131
19.2332286834717
30.0075531005859
0.252395242452621
1.07091701030731
1.32097494602203
0.578324794769287
0
9.14585971832275
9.17641448974609
55.6834373474121
0
0
0
0
0
0
0.638136148452759
0
0.551325380802155
0
0
2.56290793418884
0
0
1.35305893421173
0.303895801305771
4.01310110092163
6.0986065864563
14.1408710479736
0
0.0590859092772007
0.684596955776215
0.469988346099854
0.903254866600037
0.274844437837601
8.82712936401367
0
0
19.9837665557861
0
1.66578876972198
0
0
0
0
4.48825311660767
0.234951093792915
3.79817628860474
0.318193823099136
0.00165093375835568
0
0
0
0.234945192933083
0.0403546243906021
0
0
0.650986790657043
0
0
0
0
0
0
0
20.705207824707
0
0
0.162410855293274
5.9604549407959
8.06931304931641
0
0.0261759217828512
0
1.33038794994354
4.5287652015686
1.10481476783752
38.0603408813477
14.6920881271362
15.1554498672485
1.83289611339569
0
0
0
0
0
1.5310480594635
2.26475739479065
3.02650713920593
12.8980388641357
1.88520860671997
6.61027240753174
0
0
0.0589639544487
0
0.000500371272210032
10.0490407943726
1.63565802574158
0.0282165464013815
26.3805656433105
17.9213218688965
31.3392066955566
1.02272641658783
0
0.0655281916260719
8.14206123352051
4.78748798370361
0
0
0
2.05377101898193
0.0733804777264595
0
9.65206623077393
0
0.00115077523514628
1.38129007816315
0.715930819511414
2.96186566352844
1.75694346427917
0
2.29384326934814
16.9262752532959
0.332023650407791
0
6.24817371368408
6.18424034118652
0.000280692562228069
0.0471038706600666
0
0
0.0571168139576912
0
0
0
0
1.7366795539856
0
0.288367241621017
14.619927406311
2.28665232658386
4.99970006942749
12.3558864593506
0.0243237428367138
9.63944149017334
0
0
0.0105909649282694
0
2.49908661842346
2.5146632194519
43.4574966430664
3.46065139770508
2.01103591918945
12.2572822570801
15.3896265029907
0
0
0
0
10.7421617507935
7.89063692092896
4.61137914657593
11.8243846893311
7.12515926361084
6.64588022232056
0
0
0.366559624671936
0.878290057182312
20.5197811126709
15.2390460968018
0
0
9.46012783050537
0.0743140578269958
0.0848566442728043
0.253324300050735
4.20569276809692
0.844437122344971
0
0
0
0.208717599511147
0
19.253324508667
0.151034131646156
0
4.1715989112854
0.0596300587058067
0
7.72169256210327
0
0
10.4554290771484
31.3301105499268
1.32343137264252
0
0
0
0
0
0
1.35041582584381
0.662324070930481
16.0056018829346
0.0664498060941696
0.456280171871185
3.47581195831299
0
10.983323097229
0.271428555250168
0.144897073507309
9.02471446990967
0
0
0
7.23085784912109
6.39068269729614
12.4028549194336
8.06613826751709
0
0.234306395053864
5.01625537872314
0
16.1586723327637
0
0.100617088377476
0
27.1546001434326
0
11.1367950439453
71.1390151977539
0.00928813405334949
1.95952177047729
0
5.99547529220581
0
0.211486756801605
6.56565761566162
15.7615690231323
0.0524547956883907
0.137353509664536
0
2.82041788101196
10.6391897201538
1.2740683555603
0.099637545645237
0.178094252943993
14.6037225723267
16.275447845459
0
2.68119549751282
2.52976536750793
1.60756373405457
7.57826471328735
1.62456655502319
0
0
0.0942438170313835
0.69184398651123
0.269565016031265
0.443327188491821
9.27724933624268
0
0.0220243576914072
0
0.047274574637413
0.493872582912445
15.8169851303101
0
0.100766584277153
0.435592770576477
0.288186699151993
9.18239974975586
10.7861728668213
0.132387772202492
0
0.0288402922451496
12.3262901306152
0.0804706737399101
0
0
0.315512180328369
18.1093215942383
1.37587642669678
0
0
4.52603435516357
8.54607582092285
0
0
2.28171682357788
4.96671295166016
4.37118196487427
0.0214283671230078
0.00249457219615579
2.38815593719482
7.56433057785034
1.33690679073334
0.176569208502769
0
0
0
0
0
0
0.499782353639603
61.9097633361816
3.11875104904175
0
0.234775736927986
0.136316537857056
16.9220237731934
0
0
11.8850250244141
3.14961934089661
1.52922058105469
0.309520542621613
0
0
0
1.59164321422577
0.718174815177917
0.0272636897861958
0.0148881189525127
0
0.205241650342941
0.245657444000244
0.0176633130759001
9.08765697479248
0.00770346447825432
0.974678874015808
0.726566314697266
0
0.669337630271912
0.211066693067551
14.3962936401367
0.202484712004662
0
0.0721356570720673
0
0
1.06241512298584
2.97397565841675
0.377774655818939
39.3600921630859
2.40078520774841
0
0
0.210549846291542
0
0
0
0
0
0.809388339519501
0.214983314275742
39.2637748718262
1.18126785755157
0
0
0
0.0315342992544174
0
1.50266754627228
0
16.0500755310059
5.7964186668396
0.639495253562927
15.4827575683594
1.46428620815277
0.0063023017719388
1.99613285064697
2.79729151725769
0.305928409099579
0
0
16.8363933563232
0
0
0
0
0.0712211802601814
0
0
0
0
0
0
1.73868310451508
1.20540392398834
20.6866912841797
37.5233306884766
0.777997374534607
5.99319458007812
1.78559768199921
0
0.161194577813148
3.12789344787598
33.6064071655273
0
2.61537909507751
2.13228583335876
0
0
10.1464986801147
0.0965970382094383
0.136408433318138
0.380522787570953
11.7921619415283
1.55996489524841
0
2.31068515777588
0
0
0
17.139196395874
0
9.38042449951172
23.5541038513184
3.89125514030457
5.74320936203003
0
0
7.61489772796631
0.795314192771912
0.281576454639435
0.00823590811342001
32.2095108032227
12.3578634262085
60.5290107727051
4.66449213027954
0.170666813850403
0
13.4662647247314
4.88399314880371
0
0
8.38297271728516
15.3259000778198
0.103425234556198
0
0.994568288326263
0
0
0
0
0
15.818657875061
0.0182330887764692
15.6864500045776
0.806736767292023
7.01485013961792
0.0382983088493347
1.74656438827515
16.7878913879395
1.94096302986145
0
0
0
0
2.97505283355713
0.110870212316513
1.92482376098633
2.60757684707642
0.744193434715271
8.20439624786377
7.53165006637573
0
3.32458639144897
1.33191788196564
3.60570597648621
0
0
0
1.7315479516983
6.0770411491394
0
0
0.00142755871638656
0
0.00171959155704826
18.3707695007324
3.28123688697815
0.195039063692093
0
1.29334700107574
0
0
0.384538948535919
0.0678486824035645
0
10.4767169952393
3.96377444267273
11.603196144104
0.0469730347394943
4.96948909759521
0.0698953792452812
0
0.200634270906448
1.65305316448212
6.40504693984985
2.9605016708374
0.00183606287464499
0.118330985307693
0.510582745075226
31.9030838012695
22.5403823852539
0
0.119649007916451
0
18.3604927062988
3.76927471160889
0
0.0743713974952698
2.18195700645447
0
0
0
0
0
5.85604333877563
0
7.33066372049507e-08
0
10.5347051620483
0
0
0.132237806916237
2.06386995315552
1.20684790611267
8.89750194549561
0.0416196882724762
0
0
32.2881774902344
43.9385414123535
0
0.646314740180969
0.713111877441406
0
0
6.89959669113159
0
0
0
0
0.0853647440671921
0
0
0
0
0
0
0.00826199352741241
1.68096137046814
18.2537097930908
0.455024421215057
0
0.00488710030913353
0.386398822069168
0.844794034957886
0.927459001541138
12.8403654098511
31.7100658416748
0
1.36941111087799
22.4114971160889
30.4030456542969
0.0355071052908897
7.93693256378174
0.187180459499359
2.24481177330017
10.621675491333
2.62756037712097
9.07237720489502
0.0747789889574051
0
0
1.98330760002136
0.0846590772271156
0.44255319237709
0
9.44531631469727
8.83319759368896
0
10.5139598846436
7.49248361587524
0
10.864727973938
19.0276679992676
5.36990308761597
0.0693401247262955
8.75403308868408
74.3933715820312
0
1.37333309650421
0.305341154336929
0
8.9125919342041
1.57584261894226
3.43591213226318
0
0
0
0.095252051949501
0.00718968966975808
0
0
28.692268371582
6.67170190811157
0
0
0
0
8.12288475036621
1.28030347824097
0.128294005990028
21.7717876434326
105.250633239746
0
0
0.0235703438520432
0.000300885207252577
0
0
2.03780031204224
0.3367640376091
8.46258926391602
47.6541061401367
9.43153858184814
3.17418074607849
0
0
0
0
0
0
0
0
0.263654321432114
0
0
0
0
0.692247867584229
0
2.74833297729492
2.40333390235901
0
0.0132307326421142
3.29007530212402
2.71266640083923e-06
0
0.267369657754898
0
0.0245689284056425
7.23651170730591
0
0
0
1.13209760189056
25.916051864624
15.1421823501587
0.013755502179265
0.0134880281984806
3.93429660797119
1.98944699764252
0
0
2.0811026096344
0.284889578819275
0
1.43118667602539
11.4274311065674
19.1182441711426
0.595551609992981
0.876880288124084
0
0
1.71883904933929
0
0
0.574803471565247
3.09779787063599
4.43943548202515
0
0.0311667304486036
0.408802270889282
20.4465446472168
0.389011204242706
1.28951954841614
0
0
0
0.0261035095900297
0.00240344577468932
0
0
3.18035554885864
1.72674643993378
0.849243760108948
9.75750923156738
0.0164179522544146
0
1.32156467437744
1.41526162624359
0
0
0
0
0
0
0
0
0
0
0
11.3680171966553
13.7000827789307
0
0
0
0
0
0.0102317212149501
0.0300449263304472
29.0128135681152
0
0
31.6928997039795
0
0
19.5380573272705
4.52027368545532
2.3920361995697
0.0874761790037155
0.030529860407114
0
0
0
0
0
0
0
0
1.23634386062622
11.0133438110352
13.2060518264771
24.9107475280762
0
3.07141453959048e-05
0.0359272435307503
0
0.00863985624164343
0
0
0
0.0877833217382431
1.30399918556213
8.84873580932617
2.31101965904236
24.6793556213379
1.29097604751587
0
0.0661157444119453
0
0.222599238157272
0.909243881702423
0
0
0
0.347023725509644
2.89392328262329
2.7580554485321
1.6070384979248
2.08924102783203
10.6478881835938
16.3317699432373
0.49543222784996
0
0
0
0
1.19361090660095
0.621366560459137
0.0686613172292709
0.00826674979180098
0.0471222177147865
0.802192628383636
0
0
0.0424533784389496
9.16469097137451
0
0
0
13.8671455383301
2.63853335380554
0
0.246443539857864
0.112573593854904
0
2.26263523101807
0
0.504178047180176
0.464114397764206
1.72444796562195
11.0208730697632
2.09832954406738
0.05815140157938
3.30969762802124
3.14433455467224
0.389509081840515
2.20434236526489
3.07292509078979
52.7376670837402
44.8658180236816
54.8061599731445
73.6200637817383
0
3.44951415061951
0
3.13111138343811
0
0.667950868606567
23.4900436401367
1.14269685745239
0.67141455411911
0
1.35840439796448
7.33287572860718
0.0940339639782906
9.74473476409912
32.8166313171387
1.45668411254883
0
0
44.1332893371582
20.6948051452637
0
0
0.0188927073031664
3.19837975502014
1.81444096565247
1.73934876918793
4.07483100891113
4.0848183631897
7.00341939926147
11.7089366912842
0.477942883968353
0.462231159210205
0.832064390182495
0
0
0
0.914366841316223
0.316522240638733
0.318607479333878
57.0773620605469
0.561447024345398
0
0
0
0
0.345300376415253
0.226313382387161
3.88965439796448
11.2843074798584
13.2802467346191
0
2.14709949493408
0.449262261390686
2.28414297103882
0.638252794742584
0
0.0157554596662521
0
0.103357203304768
1.22239577770233
0.00793728046119213
0.113229714334011
8.61623573303223
7.04302930831909
1.41195547580719
0
0.317808657884598
4.2314887046814
0
0
0
0
6.05666446685791
5.18740272521973
0
0
0
0
0
0
0.964401066303253
0.584549903869629
1.98343861103058
0.299402356147766
0
0
9.79166126251221
1.51736915111542
0
0
0.00093898008344695
6.19522142410278
0
2.26480841636658
0
0.180446729063988
0.438563257455826
0.000651599955745041
0
0
0
0
0
0.0174126923084259
0.0451571941375732
7.19409942626953
0
0
0.121317490935326
3.24765157699585
0.523671388626099
0
0
0.144187584519386
0.502278447151184
0
0
0
0
0
25.3156967163086
0.0557174496352673
19.6648616790771
1.95229291915894
0
0
0
0
0
0
0.473776698112488
0.90170818567276
1.2037969827652
0
0
0
0.024921890348196
0.198401987552643
2.88687539100647
20.0849533081055
0.30910536646843
2.35935807228088
0
0
0
0
0
0
0.0836375653743744
1.71122550964355
4.89062690734863
0.103548109531403
0
0
0
0
0
0
0.307434558868408
10.5912294387817
0.0656820833683014
0
0.0172281246632338
0.00912992283701897
0
0
0.004250502679497
7.95183658599854
2.081214427948
15.3843994140625
0.0591870509088039
0
3.03984808921814
5.30735683441162
0.0134496465325356
17.0673751831055
23.2545928955078
3.08086943626404
0.347148239612579
0
0
0
0.00281640328466892
0.0816028937697411
0
0.0864967703819275
0.177029728889465
0.461037814617157
0
0
0
0
0
0
0
0
0
0
0
0.196380287408829
0
0
3.24926352500916
8.06247425079346
0
1.91991364955902
0.393829315900803
10.2509021759033
61.0448875427246
29.7611274719238
0.58782035112381
3.23254299163818
0.0589590445160866
0
0
0
7.34834671020508
2.78866958618164
0
0
0
1.04007291793823
6.09520769119263
1.42359149456024
26.2114334106445
2.84853076934814
16.8445339202881
7.67772197723389
0
0.00232422235421836
0.700072109699249
14.2378826141357
0.150696381926537
0
0.184249237179756
0.112430468201637
0
0
0.53595495223999
0
3.20012974739075
0.969561755657196
0
1.52121376991272
0
0
0
0
0
0
0
0
0.08788151293993
0
0
2.06095361709595
0
3.6898820400238
1.76519620418549
1.18666517734528
