0
0.0240784370496504
0
0
0.0206838630943964
0.142664681931625
5.33619855913828
13.7640848560711
0
0.800981352701283
0
0.967363883956123
0.497060445896176
8.45243490237814
0
2.2385367844795
4.57985827659938
0.0127276125168307
2.76539749556014
0.517463348371644
1.4184061241419
0.343968325141378
0
0
0
0
0
0.4696189756031
0.00854919106115217
0.304116175849835
0
0.0847737704597268
0
0.156508334966707
5.71145082962303
8.52878290518487
0.0052014427531372
0
0
0
0
0.478797288535209
3.4391114803994
2.73460627289525
14.3526073554934
0
0
2.93366904833147
11.3300891428953
1.95635526070727
9.47709225580933
3.17896209624432
3.09175747729285
0.00759509910653499
0.0228191153611525
0
0.0685811991947669
1.07600068944456
2.52195223439951
0.150362119040691
2.70440146110601
0
0
0.0376407888920491
10.9722501295804
20.9504353089192
25.1649469252934
0.108798433784468
0
1.94033118124733
2.72565360229713
10.943526797465
1.63846705563688
18.117457075082
21.3291885340236
0
2.10367613672435
0.226744758635932
0
0.436190605938987
24.9695476602316
1.55920782064439
0.0608758364953531
0
1.03224866206266
4.81407050997602
7.05603496127119
15.2045643589922
1.60546503259143
0.0448715654939577
0.018976919270531
5.70736840282273
0.665114424038404
41.7445695499102
3.66247756003223
6.04509013262087
5.03074662754371
0
0
0.275829260860786
0.519375233664286
0.10378497286984
0
0.113307028617758
0.316500620750863
0.0239313626637593
0
0
0
0
0
0
0
0
1.33660090121467
0.977779537309432
5.97429719549613
3.86898380106827
4.98195169642306
3.89333826729203
4.90248228934821
11.5359489585426
27.0783030052064
3.66275918464851
12.6144224217222
15.1826793954711
9.62102712253017
0.87450017788509
21.9725545772125
30.2734412335792
1.26942069202055
0
0.053213782217764
2.88866778188743
11.67797380434
1.07577248352517
7.01415367677368
0
0.0914682183279721
0.075019918509782
1.99649284458541
0
0
0
1.68667612677156
9.07873352927658
26.2100961989343
0.758875649258376
0.000438404094624501
0
0
21.5835769110948
0
0.6768015383521
0
0
0.0171755857660945
14.5520533432378
24.6862668107772
0.229434191600583
33.7983241908316
0
0
1.24897163148978
0
0
0
0.00648640120392092
20.4408291635146
0
0
78.1464534931871
2.42087932810917
0
21.5891281469869
33.0432456779037
5.54330559814869
12.373403950289
0.0566708490340686
0
3.83327115189122
0.1758276695272
0.0520713287965437
0.0594060681617377
0.411046241211631
0.0426928089153376
0
0
0
0
0
0
0.0168100015857829
0
0
0
6.3190854135645
37.2851183382975
18.6201095657794
0.146030958024785
0.0698224952283686
0.0289330238579786
0.378475931704618
2.09631743373724
6.0710494985098
0
0.0378164007982381
13.618911752344
0
10.0036892770882
8.42051817612847
16.3336821455405
0
0
0.282268748640873
1.69026480395428
0.447963800950414
18.5029494355752
2.82062183752946
0.482461721728082
0.619981924246236
0.00761778319223021
0
0
77.7059919864935
0.690329102097374
0
0
0
4.89269143559492
13.8446185484328
0.109234989845351
0.0237644351984916
13.3419239233435
30.0312495575032
1.29314117911074
1.61221023504821
0
229.402281493422
0
0
3.65077459845759
0
0
0
0.0140842436371671
13.4806977791889
0.689928535179846
1.60082785822344
0
0.497429664824754
2.86049235001889
0.638792704024811
0.500176870066461
23.2220179108089
0
2.06700740787729
0
0.106145152854793
16.8779332689083
10.6995800740599
1.28511223511476
3.49524230365471
11.5275873153506
0.0185014493115997
0.263250653826893
9.3043464974061
0
0
0.161062010844568
0.103076639954487
0
12.1559064822842
0.410356373446647
0.00902689829525467
12.7303568049997
0
0.0756385356728742
0
0.571627231951677
0
0.839449737758227
2.26314613935688
32.6283549629697
0.840750247074315
8.39042479191307
16.856298371618
41.6132698691496
0
0.707894796013105
2.18558324095411
0.541719559412142
0
0
0.0110946874720209
17.4494754129062
0
12.5680251089243
3.49007430655826
22.285380170595
15.2774699871284
35.2815448993692
0.0562171109513747
0
0.0968359019360544
9.69689385603611
0.0142429006300488
0.390678893186213
0
0
0
0
0
0
0
2.83083198265122
0.15862805615384
2.33466416801875
7.21252415624646
0.30725924899174
0
0
15.1006089665012
0
0.0481496234253919
0.00878514750870192
0
0
0
0
7.51270433572128
0.0586154125650909
1.09738168876557
4.34273613926211
17.9708090658921
0.489242515580467
0
0
0
0
0
0
0
0.0285098273997941
0
0
0.0182606128404341
0.0539033704526901
3.21758497942798
0.0169190518329352
74.1839758841849
0
0.465125163186136
11.4221137534852
0.817274893038592
0
1.33084849660602
0
0
0
0
8.30323090029236
16.9195632651352
16.8898613634882
0.393119246341963
0.0359156029764664
18.4066211671973
0.0105721776604278
0
0
0
0.952557455967574
17.4481083979057
14.8530612982601
0
1.56725496318851
0
0
0
0
0
2.60144571767095
0.104910275533508
0
22.2926127763
0.0146735171880486
11.0689044318087
21.7945469020773
5.3494150678013
3.93020253983468
0.174109304730399
0.370839850345744
0
0.0953077977115932
0
0
15.7862403545966
13.3939305154987
1.37034174520442
1.97284760033127
0.237119299923712
0.632102913135607
4.25791954444512
1.7782246828548
0.0658135711486405
0.163233792209466
0.201347533549812
7.6318147803235
9.98445798218627
7.00164228603148
0
0
0.0134053793038025
0
0
0.499835956493516
0.019037370453667
0
0
5.06872520663202
0
1.47504922546098
0
12.9873860116127
0.0338401851331068
1.02689694349609
1.06135197620859
0.360658668098919
0
1.57657575685878
0
0
0
0.720545736790705
0.0603291350292268
9.00726202171773
9.00703418286593
0.13017413572395
3.57481486425067
10.3578401665963
1.1752876555941
2.57888234739303
0
0
0
2.30880069085951
0.491494114433505
0
7.70178464164476
12.1741805757555
1.50787411962969
0.634241271218746
0.0624590635923015
0.0347980264966452
0.320702655785281
0.0420120318612943
0.024099319175518
0.00907458003076315
0.0498649361230614
0
1.3116034309638
9.27259045405153
3.13056731166653
0.439839471345672
0
0.134934722292994
0.843369709192257
8.53753654880219
0.985648453710547
0
4.18520683554046
0
0
0
0.768363802362937
3.42080682019251
0
1.26735550357714
2.89879664188426
0.132743741824257
3.77896205663682
7.2510429509066
1.16335022858568
0
44.737385236675
7.65683752346594
0.0371326010988269
0
5.10949397739382
14.698406239877
0.122722188440911
0.266310913753146
0.149691013176021
0
21.3277555308404
0.212196536844372
0
0
0
0
0
0
0
0
0
1.67190297547716
0.894839146159769
0
1.4263402282378
0.093831824280576
0
2.02016263471676
1.2581713021876
0
0
0
0
0
0
0
0.0219911242303565
19.7278575952163
5.64552298815887
0
0
0
0
0
6.97151225753972
11.3639865542498
0
0.900500246507122
5.52106544023328
3.43369755943561
0.225601662961896
0.00622112490904492
0
10.7039094613928
0.106343875060005
0
0.0644093796719813
0.0677949804843876
0
0
0.586909744226339
0.0258955000791223
0.237278438663254
0
0
0
0
1.76118813412797
0
1.73466969086652
0
0
1.22977190784673
0
0.0345484164645812
3.08787930587239
1.33679273169633
0.897718647851942
6.21288614321117
0
0.103317052557391
12.8625473556087
0
0
0
0
0.0340992078758891
0
0.181467328004794
6.17697149917256
15.6823584910206
18.1039874214435
7.43350375279075
0.00586478857526874
0
2.23959295717297
0
0
0
0
0
1.98766692659226
7.01749983396584
0
0.400660517339625
0
0
14.1061214653857
13.6899693749302
1.35726321366951
0
2.40276231346336
0
0
0
0
0
3.0432242794115
0
0.0559523590229066
0.000100966221635675
9.43188495460092
0
0
0
0
0
0
0
0
0.0137166878829402
3.51401761882318
0
0
0
0
0
0
0.0500885366266426
0.508380653321057
1.40321190039836
0
0.0391015705604717
3.86425196636814
0
0
0
0.231792882592534
0.279467786265239
0.061061254180366
0
10.237362788513
0
0
0
0
0.209348668322735
1.66588780342761
0
0.411298840584147
1.8183436071272
0.109245908781912
0
0
0
10.1912247308681
2.837703666825
2.89240454068881
0.270524112321802
1.76996482206658
28.7209724871825
26.2025828010781
15.8008562092713
0.0123115387817368
0
27.0338457055035
6.87499780610554
0.0891839766914333
1.4183771681478
20.6904103138994
0.180087750675122
0
0
3.202628880281
0.780625676563101
10.7729341497025
0
1.22278101797618
16.8907864781798
0.652685826601599
0.195949220463121
2.02243499946297
0
0
14.1237439190145
1.87883878367277
1.39638679091448
1.75638371656757
0
0.0838514990121219
0
0
0.029622916122782
18.8492462908199
0
15.4666132505421
1.64376002577156
0
0
0.0134304995410366
0
0
0.420375204919809
0
0
1.09181326976747
0
0
1.07424922156602
21.5767628226612
0
0
28.006556303566
0.12420485751452
2.14210230881099
0
0.245710404501724
2.71626562028768
17.4865196752188
0.153283432587655
0.456735800950587
0.00520063173224979
6.28043473432845
11.3423301373086
14.720161541861
0
0
0.133283105120931
0.266853499597679
0.963361258308939
7.83231884170488
0
0.779099625974422
3.60603096630544
28.1464879634431
0
0
0.0947402134428051
8.90956584384154
0.358323133587321
1.57310144843985
0.770235310059838
0.172373322164157
0
0
0.403383032480982
2.61651045017054
0.0689571836924462
0.0177082065690756
0
0
0
0
0.0506020674532826
4.45753202391326
0.0148567526574323
0
0
0.0173955725363907
11.6296690677179
0.526506873865064
0
7.35185896334143
1.66808286391152
0
0.247991090382031
0.217586866573334
1.75736487858014
24.3633059911148
0
0.259352822793715
0
0
4.15431094398276
6.34511672516948
0
2.84822241113773
0
0
0.0936449844699863
1.55012670481393
2.19144019415079
18.9255601388375
14.3702077283258
0.016790882308008
0.065548338859291
0
0
0
0
3.62110126943892
0.265321971272606
1.3034978518135
0.0886365577393729
5.36707234487426
8.34344315718237
0.307656158200057
2.08137315180622
0
0
0.00624522084307473
1.58926040086418
0
1.78816792266937
0
0
0.0396129763694579
19.0530328981089
0.0873248206436582
15.0436231043376
4.24999398846345
3.35165602360221
10.5155586385514
3.12793322142383
14.8327907390641
31.1759751364931
7.08427622063788
0.717981286682705
3.13538848571036
0.123034115761961
0.0354089050907472
4.27738713585132
0
0
0
0
0
1.41258027993998
1.33562421402741
0
0
0
0.0131849307826367
0.0668109249010072
0
1.50957794958883
0
0
0.165839870968092
0.0377210491360405
14.3329273173043
2.01996552524082
1.97091075724489
0.0171594490562106
0
0.890632141031984
1.0991895159749
0
8.24234819061775
0
1.76466743730408
15.6165276437479
0
1.55999666772288
0.826843411994525
1.28377133264278
1.8538404995221
13.0719752305351
5.99301905179601
1.39221504074816
4.00134315084396
2.3056607234035
3.52352416227391
3.3435669137499
10.7310987933897
54.4042659440232
0
0
14.7379465891729
0
0.0937161974543171
0.776357559902502
0
0
0
0.455850878346723
1.77360377485984
0
0.525953441252792
0.974157981998405
15.1880582897526
3.80271063697289
0.974972783581334
0.052003992064483
0.123224969588717
0.300536172863543
0
0
0.383393941117082
1.45428007336187
0
0
0
0.0760400269436169
0
0
0
0.0611812718234603
11.1986543526555
0
0
0
0.0283339540503125
2.43628193767636
22.645626674509
0
0
0.278117367753035
3.33686519768536
0
3.75129519803784
1.5536805909619
0.618441625263492
0.00205139445905434
0.610376709837317
0.160760814883056
14.8784666666021
8.66804912144084
0.0160627033899809
5.79064615422829
0.171629554033584
2.1287539130924
3.30378750236416
0
0
0
0.0584988298633473
3.41028099534449
18.4553793515648
0.548296531951094
24.0625003831465
0
0.226781386157857
8.68314209500821
1.87572171852125
1.61083215225991
0
0
0.0488749715563048
19.3980162600632
0.0882069759867319
0
3.7792572450831
0.472895839070267
14.1936319476489
7.75188795855271
0
0
2.67881142976691
0
16.5122775022841
7.114326438211
0
1.74300390399142
0
0
0.303334811571363
0.413263356259112
0.0662027631643777
0.116964336798986
13.0609853990837
27.8408160383582
0.461005653291681
0
0
0.666381768727039
12.4664945745986
0.394920154337192
10.4820525899619
0.0898343840763084
0
0
0.0271794923614759
5.82047213101644
0
0.0613430219469424
0.0278408421174243
26.9860292180719
0
0.112205424093875
3.01511435159621
7.67600306191491
1.64855286246903
5.98434475411597
0
11.4149083799228
0.0184180350161025
0
0
0.839385955785421
0.0280052168634932
0
0
0.292910280012952
2.14179152468159
0.0316431677093952
1.54357494841708
1.15254053503308
5.83693197629055
10.1477151220897
0
0.377870040352773
0.0527810471847475
7.42010996029484
0
0
0.405316739313162
0.107683797441388
2.64244345030396
10.0072762082303
28.7836602691216
8.56183335275467
0
0
9.42340131503111
11.912497740328
0.0628976385752858
1.51863328535819
0.629543513507809
0.548163875367768
1.3961960763642
8.99238511661655
1.72763722560579
0
0.108640425871985
24.9276756656092
24.9208642145443
3.99664536467863
5.64898136451381
0.00771673132583006
11.9581347233945
0.204907508939117
18.6107843145812
3.24013841092787
18.1837870798353
27.3416308638737
23.8269118553892
0
0.0569349736965706
0
0.0855191442144644
0.0838354254014831
0.128690089449452
6.06705376924097
0
2.45625594892498
2.45961553152483
0
0
0
0
0.0229375676871006
1.51073397502214
0
11.0697862722487
6.26840011484256
3.5082064033377
0.0457606519036877
1.37463412561175
0.162456998411177
0
4.79869632447918
0.819819357898002
0.698645636917676
0
0
0
0
0.278463856321802
0
2.24208493962196
0
4.83877938771671
0.067853832715398
24.4380299043083
18.2337383435043
4.03746942291307
0
3.08615260151129
5.62602842432586
0
0.233570518371125
0
0
0.0995608116290274
0
0
0
0
0
0
0.0150374704343594
2.86613646259632
3.74949689051879
0
13.1918194003678
0
0
0
0
0
0.966132767278578
0
7.19561115031357
0.307323111162014
0
0
3.84130921473643
8.22578695612452
1.10256752919329
0
0
0
0.763463484461787
20.489581967217
0
0.18705086545629
4.96922886848842
3.67533090623932
37.3488914182123
0.0719363564619729
20.0677818347943
0.378322209514044
0.697635392489151
7.28118896696597
0
0
0
0.041816193052556
7.18092461196366
0.258988550527044
1.3854014253544
0
0
0.111446067550595
0
0
0
0
2.39257234434398
13.0607578231481
2.19506220825711
0
0.400839627878955
0.0665702352978589
0
0.205361163668247
2.04890716937571
14.7874717422631
0
0
2.66150411000537
7.65366131425086
0
0.675433226646535
0
0.218559093152203
1.58288744893364
0.190183290924722
0
0
1.09989779398287
12.5214261240131
0.051138498272277
4.84672701852664
4.15922931851951
0.514681184185705
10.3841133764789
6.79052991493754
0.0259231263985641
4.14533972072532
0.0405137200767518
0.0601696589933359
0
0
1.88579643794972
0
1.12156276211796
7.52567189713507
8.76755656766775
1.16807997700832
25.904131004335
1.1352594372455
0.992503650981707
0.247164484344551
11.71748924232
0
0
0
0
0.3002006575713
0
0
0.0205085264954922
0.108062377862466
0
0.278584722484645
0.00866982664302208
1.22148085553961
0
0
21.3874719865399
0
0.698241708569853
0
0
0
0
0.768765679384791
9.02537683175286
0.739015302343499
65.0399123526564
2.93508655741756
10.7313624503611
9.49392740422567
12.1435449408049
0.223207939839641
0
0.152986305179717
12.2302418271503
25.4486968683253
0.0620977927958346
0
0.00295661643268432
0.117071981471504
0
2.32282482029735
0.0133465230383391
14.8169307467095
0.0718746173667248
0
0
0
0.0245593188879236
4.58346336076328
4.06878813293867
0.609692933979336
0.106706212927726
0.0804978802290672
0.992315475064819
0.370581654810937
0
0
59.178317658704
14.3508270947007
0
0
1.38148028827386
0.0287541732693672
0
0
0.0418707430747285
0
0.243431713182654
0
0
0
2.12293605613721
1.25326298274291
0.00299580164524378
35.3007709140361
0
0
0
0
0
0
4.12088414736783
1.22937540821205
0
0
0
0
1.72709688617714
16.5614897959758
0.104639219961399
0
0
10.4306707022142
2.36912747145638
0.53655042096233
0
0
0.281003196500656
2.45764213683686
0.0657682127111347
1.34198208353411
0
0
0
0
0
3.47032627640322
26.0235838303326
0.0156957217483528
1.04488384416473
1.2395766938291
19.299736451902
10.4099914488633
10.8170731892687
0
0
1.25753528575342
0.14448939287334
0
0
0
24.5316598714642
0
7.77044222764445
0.054751207029763
5.37636125270437
0.10188816407436
13.40499519307
1.07245475360798
0
0
0.72349726753005
0
0.0358407383792541
0.0117326585776232
1.93741597585418
0.183378106893858
0
2.09893559866318
3.92078843413179
12.0624644210056
0.540984179692266
0
2.61027309333594
0
0.114591626311852
68.9358279547185
0.781226974300499
0
0.0505824169699686
0.0309798611251133
1.5396379608019
0
27.739146713731
12.6834704109857
23.2604761844041
0.374659404232777
0.109832421602676
0.391839158484793
0.112578927502637
0
0
0.160399274924764
0.646817131918374
0.40286550119422
1.28383848475866
0
0.0104093150914394
1.39407548356627
0
0
2.06877379483629
1.48566531651665
2.22364273649465
12.9394698950988
20.5316278052375
15.0569369429024
0
0.386149377854814
3.50731034743239
0
0
0.0135059447842346
5.76472856462901
1.09047397393295
0.192653538395045
0.0329913205464788
0.824836686640974
0
1.8072892450533
1.96257783308645
0
0.465784379476033
0.291811903234893
0.00176271934847282
23.6766325563197
0
0
0
0.0531795957558868
8.93868615337911
5.41420980606701
11.1397953764389
25.0465601336831
30.7208827736118
0.558212719065498
7.68211654423599
1.323491241712
0
0.0759944123876699
10.6153629666651
0
1.91344397274186
23.3091804800558
23.7316873533039
2.70559806197193
0
0
1.07279263792356
20.8915493471559
2.89073617699501
3.57650597493892
0
0
2.14784702750043
0.018145616178578
0
0.0304333807576512
0
0
0
0
11.2728426159572
25.2090383968127
41.3412570537388
22.7414321338973
2.59117371052316
6.36967333968685
7.54634763121391
0.0230252038040669
4.98291532512729
1.10101471055411
0.360041949388073
20.240097558355
4.72960561132288
0.193586892339072
1.78969084828496
1.91294481042214
10.1913052633367
1.86319445324445
1.79210674224825
6.56227931983607
4.78793343095866
11.5229692317742
0.675283522371437
0.490392847154441
0
0
7.7483774020121
0.371507873887654
0.0131160451309306
4.79771148850519
0
0
1.34992281439378
0.0016563760478456
0
0
0
1.42847970003829
0
0
0
4.48567188036319
0
0
0
0
0
0.320056295055041
0
1.41813875993564
0.645991991812574
1.83105582042271
0
0.498289460914856
0
0
0
0
0.231815544023344
0
0
15.8511857656238
3.3419429076596
0
19.8389950304288
27.3335678355509
20.0668425883535
0
0
0
0.144140445022732
0
2.58786135778322
0
1.4214090637645
2.46461734916749
0.254810034769877
0
0
0
58.0959271594861
0
0.666583818637333
0.112183692447119
1.11968920847644
0.937359956357126
0.00372680229251452
0.00343732221407408
0.166428640236688
0.0728898188161435
0
1.35438752336973
22.0894891487297
11.0897738922179
0
0
0.0245054745231735
20.0588102041161
3.14486822400694
0
0
0.578819911181834
0.764420606863947
0
0
0
34.6954946453897
3.82340567982851
27.1319690362677
0
34.1845157211668
23.1604242548994
0.00939735869543436
0
3.09917200518682
0
0
33.9969060002094
5.29065689964948
1.20599293282414
0
0
0
0
0
0
0
13.1298263375672
0.565608140296997
7.5144750712769
0
0
0
0
0
0.404603936607159
2.39430278945791
0
0
2.16669286880164
7.94554576807762
1.86831706469654
2.02024631802622
0
0
0.228920470129674
0
0.0082540748020112
3.58377410245872
30.2201846021912
0.563168444170569
10.7600022408295
2.83757909298798
11.1254521659292
0.0890117078240087
0
0
104.652936300659
0
0
0
0
0
0.102916259004693
0
3.46878314494132
3.18717153489978
24.4687524565424
0.000397317954943674
0.902206123340174
0
0.305476439081241
3.6512327671003
0
0
0
1.70405565494317
0.753422689986811
0.546499318295551
15.0153541724347
0.292820022927505
17.4611189406511
0.753764476948046
2.05579169614274
0
4.54105487100619
1.82411984110293
13.5314099772981
2.80961803937866
9.65921952205409
2.96688365029588
0.425706215496226
0
0
1.91261976415121
4.89933243201111
5.53904615749673
0.912907407383204
0
0
0.0556068726856099
0.281518719630136
2.91392498182972
26.3734595871744
1.66535290064513
58.6928241991837
0.109194230550336
8.26974545651437
2.95855581599917
19.6048830264736
1.42587314069287
0
0
0
10.4766424524644
0
0
0
3.21291319530993
5.49664308884372
19.6738902198969
1.3140837361299
2.69785533207635
7.37283750113534
0
0.0371845124250576
0.00602882435198708
0
0
1.36029198867761
0.00722693452068959
5.51249927626215
2.63441582670195
0.265409604315698
0
3.49231680768349
0.656929815199456
19.2994046066489
1.94089554973469
1.35828893217381
1.62418066048224
0
0.0333966974619095
6.4946004012844
6.86838643706577
2.2369579815356
9.46864492059355
1.12055585518427
38.9171666750264
25.0258150764858
9.48332821423145
0
2.52014812318177
14.4287275731416
1.07812718688114
0.0791963743428254
0
0.0571484101433444
0.0109658219871416
15.8424584903167
0
0.605335942311334
13.3462269777384
0
2.05335676837707
0.564297267876456
0.0150061464086863
4.65168440978069
0
0
0
0
0
0
0
0
0
5.08212527366722
0.10119069706697
0
0
0
0.233443632653875
0
0
0.0349606381995998
0
0
0.0696385185169798
0.339938886204832
0
0
0
0.0294272159227419
0.0507650958563677
0
0.396484369651864
1.41742743567678
6.24467202615462
0
6.62381316286101
15.0105915867388
31.1096723873924
3.12035919688325
0.00915835837511374
0.182563033078091
1.96413457201819
0.0193134509241007
35.1410510176701
11.4969486063869
14.1742924846143
1.53265710608219
0.578609046338102
0.389312172234737
0
0.51559989624128
0.0965297336468814
0.113649385065355
0
0.0283053540252897
0.179715634383999
16.7411485852442
0
0
0
0
0
0.349489038074139
0.361393659412719
0
0
5.73421552739333
4.54268025473181
4.36075050432983
0
0.959505333705071
3.63080220300082
1.88832412800404
3.11599371144587
0
15.1359193327215
0.22000776491061
1.42260178319928
1.67966750769027
15.992138614177
3.31536488808528
0
6.79626689021479
3.74792679163026
0
0.362210748673507
0.249908057778956
0
2.05448982983457
0.537219628805451
0
2.40556218400511
0
4.0154376535234
0
0
0
1.29056166034054
0.0648317181137178
0
0
0
0
0
0
2.21238339474033
2.01100098027603
0
0
0
0
11.5377983728216
0.307267660116093
0
0
0
0
0
0
0
1.98005871580831
1.89271666177734
11.3620335088278
0
0
13.9371931304599
0
0.0360840740088621
0
14.2873531711521
18.7431804948897
13.7271302005856
0
0.307805766658185
39.9255280172765
0
3.52193983434894
0.0920717096739234
0.424083235601425
0
0.0357369842565095
9.99231871835419
52.6878560309557
2.05968149843825
1.75310746693351
0
0.0237266563156465
0
9.76787191358819
3.54799976471945
0
1.00410395744934
2.94429441626678
6.46194846904063
0.181761709692952
0
8.00956600416145
0
0
1.20441141893077
6.80482215170422
0
0.0550392495502769
