0
34
27
0
0
0
0
23
0
2
31
6
0
0
2
0
4
9
0
0
0
3
5
0
13
0
5
0
30
24
0
0
4
61
0
0
0
20
23
1
0
0
6
0
0
0
0
4
0
6
0
33
2
0
0
11
0
0
0
0
0
0
17
0
0
0
0
0
0
11
0
0
0
28
0
0
0
0
6
16
6
10
4
30
41
0
0
0
12
0
4
0
0
0
0
0
0
0
6
0
0
0
0
0
0
0
0
0
0
0
0
29
0
9
27
20
0
0
0
0
14
0
0
0
0
31
21
0
5
0
0
49
0
0
2
0
2
3
1
3
14
0
0
0
0
0
7
0
0
0
38
0
0
6
0
0
0
32
0
25
1
5
0
0
0
0
50
0
0
0
0
0
0
0
0
0
28
0
0
12
0
0
0
0
0
0
0
0
0
0
0
0
0
0
18
0
0
0
0
0
4
0
0
8
15
8
0
26
0
0
15
0
0
20
0
0
0
0
82
0
0
0
0
20
0
0
0
0
0
0
0
0
2
2
13
23
6
0
0
0
0
9
0
0
0
0
0
0
0
0
0
0
0
0
0
9
0
0
0
0
0
0
0
52
6
0
47
0
3
5
0
0
0
0
0
0
9
1
0
0
3
0
46
0
14
63
13
0
0
87
13
10
9
0
15
20
22
0
13
0
0
6
0
0
4
64
0
0
0
0
0
48
0
24
0
0
0
1
0
0
0
0
0
0
0
0
0
0
0
0
0
0
11
2
8
0
0
0
0
0
0
0
0
0
0
0
6
0
0
0
0
6
0
0
3
0
0
0
2
9
0
0
0
0
9.4
13.1
10
0
0
0
0
0
0
0
13
15
0
66
20
0
0
0
0
0
0
0
0
0
0
0
0
0
0
0
0
0
0
0
0
0
10
41
58
13
24
6
0
16
14
1
0
4.4
37
29
27
0
28
7
0
3.4
4
0
10.2
0
0
0
0
0
0
0
0
0
0
30
0
0
0
0
0
0
0
0
0
0
3
0
0
0
0
1
0
0
4
33
0
0
0
0
0
0
0
0
8
0
0
0
0
82
4
0
0
0
0
0
15
0
28
0
0
0
4
0
12
18
0
0
1
0
0
17
0
0
3
0
0
0
0
0
0
0
0
0
0
6
0
0
10
0
0
0
0
0
0
0
0
0
0
0
0
3
0
5
15
0
0
0
0
62
0
0
0
0
21
10
15
0
0
0
0
0
0
0
0
40
12
2.5
2
0
15
3
0
0
1
0
0
0
0
31
1
7
21
0
0
0
0
0
0
0
0
0
0
0
0
0
25
5
6
0
4
3
0
0
0
0
0
0
0
3
0
32.4
0
87
7
7
3
69
3
0
0
0
0
0
9
0
0
22
0
0
0
0
0
0
0
0
0
12
19.5
0
0
0
0
2
0
0
0
0
0
0
0
0
2
0
5
0
15
0
0
0
0
3
1
0
12
0
0
7
31
35
1
6
1
14
4
0
0
0
0
29
9
10
2
12
4
23
16
0
0
0
0
0
0
0
27
1
28
0
0
66
24
0
14
39
30
0
7
27
5
0
0
5
0
74
5
13
23
0
0
31
1
21
0
46
0
0
0
0
38
0
0
0
0
41
0
36
1
9
2
18
153
5
0
0
0
0
0
0
12
10
0
2
33
4
0
0
0
0
0
0
0
0
0
0
14
7
0
0
0
0
0
2
0
0
0
0
0
0
0
15
3
3
7
3
0
25
16
19
10
14
4
27
0
25
0
9
0
22
0
0
26
25
0
6
15
0
0
0
0
28
3
0
0
0
0
0
0
0
0
0
0
0
0
0
0
0
6
0
0
0
0
0
0
0
0
0
0
0
0
0
0
0
0
0
0
5
0
0
17
0
23
0
0
0
0
0
0
4
34
0
0
0
66
0
0
0
0
2
0
0
7
0
8
0
34
2
4
3
0
0
5
8
12
37
7
34
0
2
0
0
0
0
0
0
0
0
7
0
38
0
4
0
23
0
26
5
10
0
0
12
2
14
3
9
18
9
0
18
2
0
0
18.5
0
0
0
0
0
0
0
0
0
0
0
0
24
0
0
0
0
0
0
0
0
4
0
0
7
0
0
0
0
0
0
0
0
0
27
0
0
0
0
0
0
0
0
0
0
39
30
34
0
0
0
10
12
0
0
41
13
0
0
0
0
48
0
15
44
43
14
11
0
18
15
0
0
0
0
0
0
0
0
0
0
0
43
31
0
23
0
36
12
0
0
4
0
0
0
0
0
26
2
0
0
3
0
0
0
0
0
0
0
0
0
3
20
22
0
0
0
0
26
0
28
0
0
0
0
0
0
0
0
0
0
0
0
0
0
0
0
1.5
12
0
0
0
7
0
0
0
67
0
12
0
0
0
12
9
0
8
20
0
0
0
0
0
0
0
0
15
1
0
9
0
0
4
2
4
0
7
11
0
11
4
5
0
0
10
5
0
11
0
0
0
0
0
0
0
0
0
27
8
0
0
0
0
0
0
0
8
0
0
0
0
0
0
0
0
0
0
21
60
0
0
0
7
10
0
0
26
0
0
0
0
0
0
1.1
11
0
0
47
14
6
0
0
3
0
0
0
0
0
12
0
0
0
0
9
0
0
0
0
0
0
0
20
0
0
0
0
0
5
0
11
0
0
0
0
0
0
0
0
0
0
0
0
11
17
0
44
20
0
13
7
11
12
1
0
11
0
0
0
0
0
0
0
0
0
0
0
0
16
41
5
0
3
13
0
0
0
14
0
0
0
0
0
0
0
0
16
12
33
30.5
0
0
30
31
2
0
0
0
4
0
0
0
0
0
0
0
30
0
0
0
0
0
0
0
0
0
0
0
0
0
0
0
0
0
0
0
0
0
0
0
0
0
0
0
0
0
0
0
0
0
0
0
0
0
58
0
0
0
0
0
20
25
5
0
0
0
0
0
0
0
0
0
0
0
0
0
0
0
0
0
0
0
0
0
0
0
2
6
8
41
0
0
0
0
0
0
0
0
28
0
0
0
0
0
0
0
0
0
0
0
0
23
8
0
0
0
0
15
0
0
0
2
0
0
0
0
10
41
0
0
0
10
0
0
0
0
0
0
0
6
0
0
0
0
0
0
0
12
0
6.5
3
0
1.5
0
0
0
0
0
3
37
0
0
0
2
0
17
0
0
0
0
2
0
0
4
5
23
0
0
0
58
0
0
43
0
3
0
0
16
22
0
0
0
0
0
0
0
0
32
2
3
5
0
0
0
0
7
0
18
0
0
0
0
0
0
2
0
0
0
0
6
2
5
16
0
0
5
0
0
0
0
60
31
0
11
0
0
36
0
0
0
0
0
0
0
0
0
0
1
0
0
0
6
0
8.5
10
17
0
0
0
6.5
0
37
3.5
0
19
0
0
11
0
0
0
0
0
3
0
0.5
51
24
57
14.5
0
45
0
13
27
21
2
0
17.5
0
0
0
0
0
0
0
0
0
8
0
9
0.5
0
0
0
0
0
0
0
0
0
0
0
0
15
3
0
0
0
0
35
0
0
0
14
0
11
4
0
0
0
0
14
0
0
0
0
0
0
0
0
0
21
0
6
0
12
0
0
0
0
0
0
0
0
0
0
6
37
0
2
0
13
5
5.5
0
10
20
0
4.5
0
19
8
0
12
0
45.5
0
0
22
13.5
9.5
0
0
0
39
0
0
14
0
0
19
0
0
0
0
0
0
0
14
21
30
21
17
7
0
0
0
0
0
0
0
0
0
0
0
0
0
0
0
0
0
0
0
12
0
0
0
0
30
0
7
0
24
0
0
0
0
0
0
0
15
10
0
25
41
17
17
0
20
0
10
100
10
10
0
0
13
0
0
6
0
0
0
35
20
0
0
0
7
12
0
0
4
0
4
0
0
0
0
0
0
0
0
8.2
0
0
0
0
0
0
0
0
0
0
0
0
0
0
0
0
0
0
0
0
0
0
0
0
0
9
0
0
0
0
6
0
0
0
4.2
16.3
0
0
0
0
0
0
5.5
93
0
4
0
3
0
63
0
0
0
17
0
0
0
0
22
24
1
0
0
1
0
0
0
0
0
4.1
0
0
0
0
0
0
0
0
0
0
0
0
0
3.3
0
0
0
0
0
0
0
0
0
0
0
0
0
0
0
4
0
0
0
0
18
8.2
0
0
15
29
0
0
0
0
0
0
1
0
10
6.3
4
1
0
16
0
0
1.9
14
4.1
0
10.3
25.5
3.2
22.5
37.9
0
0
5
0
4
0
12
50
0
2
0.2
0
0
0
0
2
0.2
0
0
0
0
0
9.5
30
1
0.5
0
0
0
30
0
0
0
0.6
0
0
4
6
3
4
2
4
0
0
0
0
0
0
0
0
32
3
0
0
0
0
33
12
4
3
23
16
40
0
22
0
8
0
11
53
12.5
6
0
0
33
0
0
0
0
0
6
6
0
0
8
10
0
5
0
0
3
12
14
0
7
4
10
54
0
6
19
0
0
0
0
0
0
0
0
6
0
12
6
30
46
49
0
0
15
30
10
0
0
0
0
0
0
0
0
0
0
0
0
0
0
0
0
0
0
0
0
0
0
0
0
18
0
0
0
0
0
0
0
0
0
0
0
0
0
0
55
10
0
0
0
0
0
0
12
0
23
14
0
8
0
4
0
0
0
0
0
15
0
0
0
11
0
0
5
6
0
0
0
0
0
0
0
5
0
0
8
10
0
0
10
0
7
0
7
0
0
0
0
0
0
0
0
0
52
0
3
0
0
0
0
0
0
0
0
0
0
0
0
32
53
0
15
0
0
0
0
0
0
0
0
0
0
0
0
0
0
0
0
0
13
0
27
42
0
0
0
0
0
0
0
0
0
8
0
0
0
0
0
0
12
0
0
0
0
0
0
30
15
0
0
17
0
0
0
0
0
6
0
9
0
0
0
19
0
0
0
0
0
0
0
10
0
0
0
52
0
38
